/*--------------------------------*- C++ -*----------------------------------*\
| =========                 |                                                 |
| \\      /  F ield         | OpenFOAM: The Open Source CFD Toolbox           |
|  \\    /   O peration     | Version:  2112                                  |
|   \\  /    A nd           | Website:  www.openfoam.com                      |
|    \\/     M anipulation  |                                                 |
\*---------------------------------------------------------------------------*/
FoamFile
{
    version     2.0;
    format      ascii;
    arch        "LSB;label=32;scalar=64";
    class       vectorField;
    location    "constant/polyMesh";
    object      points;
}
// * * * * * * * * * * * * * * * * * * * * * * * * * * * * * * * * * * * * * //


4422
(
(0 0 0.1)
(0 0 0)
(0 0.01 0.1)
(0 0.01 0)
(2 0 0.1)
(2 0 0)
(2 0.01 0.1)
(2 0.01 0)
(0 0.01 0.01)
(0 0.01 0.02)
(0 0.01 0.03)
(0 0.01 0.04)
(0 0.01 0.05)
(0 0.01 0.06)
(0 0.01 0.07)
(0 0.01 0.08)
(0 0.01 0.09)
(2 0.01 0.01)
(2 0.01 0.02)
(2 0.01 0.03)
(2 0.01 0.04)
(2 0.01 0.05)
(2 0.01 0.06)
(2 0.01 0.07)
(2 0.01 0.08)
(2 0.01 0.09)
(0.01 0.01 0)
(0.02 0.01 0)
(0.03 0.01 0)
(0.04 0.01 0)
(0.05 0.01 0)
(0.06 0.01 0)
(0.07 0.01 0)
(0.08 0.01 0)
(0.09 0.01 0)
(0.1 0.01 0)
(0.11 0.01 0)
(0.12 0.01 0)
(0.13 0.01 0)
(0.14 0.01 0)
(0.15 0.01 0)
(0.16 0.01 0)
(0.17 0.01 0)
(0.18 0.01 0)
(0.19 0.01 0)
(0.2 0.01 0)
(0.21 0.01 0)
(0.22 0.01 0)
(0.23 0.01 0)
(0.24 0.01 0)
(0.25 0.01 0)
(0.26 0.01 0)
(0.27 0.01 0)
(0.28 0.01 0)
(0.29 0.01 0)
(0.3 0.01 0)
(0.31 0.01 0)
(0.32 0.01 0)
(0.33 0.01 0)
(0.34 0.01 0)
(0.35 0.01 0)
(0.36 0.01 0)
(0.37 0.01 0)
(0.38 0.01 0)
(0.39 0.01 0)
(0.4 0.01 0)
(0.41 0.01 0)
(0.42 0.01 0)
(0.43 0.01 0)
(0.44 0.01 0)
(0.45 0.01 0)
(0.46 0.01 0)
(0.47 0.01 0)
(0.48 0.01 0)
(0.49 0.01 0)
(0.5 0.01 0)
(0.51 0.01 0)
(0.52 0.01 0)
(0.53 0.01 0)
(0.54 0.01 0)
(0.55 0.01 0)
(0.56 0.01 0)
(0.57 0.01 0)
(0.58 0.01 0)
(0.59 0.01 0)
(0.6 0.01 0)
(0.61 0.01 0)
(0.62 0.01 0)
(0.63 0.01 0)
(0.64 0.01 0)
(0.65 0.01 0)
(0.66 0.01 0)
(0.67 0.01 0)
(0.68 0.01 0)
(0.69 0.01 0)
(0.7 0.01 0)
(0.71 0.01 0)
(0.72 0.01 0)
(0.73 0.01 0)
(0.74 0.01 0)
(0.75 0.01 0)
(0.76 0.01 0)
(0.77 0.01 0)
(0.78 0.01 0)
(0.79 0.01 0)
(0.8 0.01 0)
(0.81 0.01 0)
(0.82 0.01 0)
(0.83 0.01 0)
(0.84 0.01 0)
(0.85 0.01 0)
(0.86 0.01 0)
(0.87 0.01 0)
(0.88 0.01 0)
(0.89 0.01 0)
(0.9 0.01 0)
(0.91 0.01 0)
(0.92 0.01 0)
(0.93 0.01 0)
(0.94 0.01 0)
(0.95 0.01 0)
(0.96 0.01 0)
(0.97 0.01 0)
(0.98 0.01 0)
(0.99 0.01 0)
(1 0.01 0)
(1.01 0.01 0)
(1.02 0.01 0)
(1.03 0.01 0)
(1.04 0.01 0)
(1.05 0.01 0)
(1.06 0.01 0)
(1.07 0.01 0)
(1.08 0.01 0)
(1.09 0.01 0)
(1.1 0.01 0)
(1.11 0.01 0)
(1.12 0.01 0)
(1.13 0.01 0)
(1.14 0.01 0)
(1.15 0.01 0)
(1.16 0.01 0)
(1.17 0.01 0)
(1.18 0.01 0)
(1.19 0.01 0)
(1.2 0.01 0)
(1.21 0.01 0)
(1.22 0.01 0)
(1.23 0.01 0)
(1.24 0.01 0)
(1.25 0.01 0)
(1.26 0.01 0)
(1.27 0.01 0)
(1.28 0.01 0)
(1.29 0.01 0)
(1.3 0.01 0)
(1.31 0.01 0)
(1.32 0.01 0)
(1.33 0.01 0)
(1.34 0.01 0)
(1.35 0.01 0)
(1.36 0.01 0)
(1.37 0.01 0)
(1.38 0.01 0)
(1.39 0.01 0)
(1.4 0.01 0)
(1.41 0.01 0)
(1.42 0.01 0)
(1.43 0.01 0)
(1.44 0.01 0)
(1.45 0.01 0)
(1.46 0.01 0)
(1.47 0.01 0)
(1.48 0.01 0)
(1.49 0.01 0)
(1.5 0.01 0)
(1.51 0.01 0)
(1.52 0.01 0)
(1.53 0.01 0)
(1.54 0.01 0)
(1.55 0.01 0)
(1.56 0.01 0)
(1.57 0.01 0)
(1.58 0.01 0)
(1.59 0.01 0)
(1.6 0.01 0)
(1.61 0.01 0)
(1.62 0.01 0)
(1.63 0.01 0)
(1.64 0.01 0)
(1.65 0.01 0)
(1.66 0.01 0)
(1.67 0.01 0)
(1.68 0.01 0)
(1.69 0.01 0)
(1.7 0.01 0)
(1.71 0.01 0)
(1.72 0.01 0)
(1.73 0.01 0)
(1.74 0.01 0)
(1.75 0.01 0)
(1.76 0.01 0)
(1.77 0.01 0)
(1.78 0.01 0)
(1.79 0.01 0)
(1.8 0.01 0)
(1.81 0.01 0)
(1.82 0.01 0)
(1.83 0.01 0)
(1.84 0.01 0)
(1.85 0.01 0)
(1.86 0.01 0)
(1.87 0.01 0)
(1.88 0.01 0)
(1.89 0.01 0)
(1.9 0.01 0)
(1.91 0.01 0)
(1.92 0.01 0)
(1.93 0.01 0)
(1.94 0.01 0)
(1.95 0.01 0)
(1.96 0.01 0)
(1.97 0.01 0)
(1.98 0.01 0)
(1.99 0.01 0)
(0.01 0.01 0.1)
(0.02 0.01 0.1)
(0.03 0.01 0.1)
(0.04 0.01 0.1)
(0.05 0.01 0.1)
(0.06 0.01 0.1)
(0.07 0.01 0.1)
(0.08 0.01 0.1)
(0.09 0.01 0.1)
(0.1 0.01 0.1)
(0.11 0.01 0.1)
(0.12 0.01 0.1)
(0.13 0.01 0.1)
(0.14 0.01 0.1)
(0.15 0.01 0.1)
(0.16 0.01 0.1)
(0.17 0.01 0.1)
(0.18 0.01 0.1)
(0.19 0.01 0.1)
(0.2 0.01 0.1)
(0.21 0.01 0.1)
(0.22 0.01 0.1)
(0.23 0.01 0.1)
(0.24 0.01 0.1)
(0.25 0.01 0.1)
(0.26 0.01 0.1)
(0.27 0.01 0.1)
(0.28 0.01 0.1)
(0.29 0.01 0.1)
(0.3 0.01 0.1)
(0.31 0.01 0.1)
(0.32 0.01 0.1)
(0.33 0.01 0.1)
(0.34 0.01 0.1)
(0.35 0.01 0.1)
(0.36 0.01 0.1)
(0.37 0.01 0.1)
(0.38 0.01 0.1)
(0.39 0.01 0.1)
(0.4 0.01 0.1)
(0.41 0.01 0.1)
(0.42 0.01 0.1)
(0.43 0.01 0.1)
(0.44 0.01 0.1)
(0.45 0.01 0.1)
(0.46 0.01 0.1)
(0.47 0.01 0.1)
(0.48 0.01 0.1)
(0.49 0.01 0.1)
(0.5 0.01 0.1)
(0.51 0.01 0.1)
(0.52 0.01 0.1)
(0.53 0.01 0.1)
(0.54 0.01 0.1)
(0.55 0.01 0.1)
(0.56 0.01 0.1)
(0.57 0.01 0.1)
(0.58 0.01 0.1)
(0.59 0.01 0.1)
(0.6 0.01 0.1)
(0.61 0.01 0.1)
(0.62 0.01 0.1)
(0.63 0.01 0.1)
(0.64 0.01 0.1)
(0.65 0.01 0.1)
(0.66 0.01 0.1)
(0.67 0.01 0.1)
(0.68 0.01 0.1)
(0.69 0.01 0.1)
(0.7 0.01 0.1)
(0.71 0.01 0.1)
(0.72 0.01 0.1)
(0.73 0.01 0.1)
(0.74 0.01 0.1)
(0.75 0.01 0.1)
(0.76 0.01 0.1)
(0.77 0.01 0.1)
(0.78 0.01 0.1)
(0.79 0.01 0.1)
(0.8 0.01 0.1)
(0.81 0.01 0.1)
(0.82 0.01 0.1)
(0.83 0.01 0.1)
(0.84 0.01 0.1)
(0.85 0.01 0.1)
(0.86 0.01 0.1)
(0.87 0.01 0.1)
(0.88 0.01 0.1)
(0.89 0.01 0.1)
(0.9 0.01 0.1)
(0.91 0.01 0.1)
(0.92 0.01 0.1)
(0.93 0.01 0.1)
(0.94 0.01 0.1)
(0.95 0.01 0.1)
(0.96 0.01 0.1)
(0.97 0.01 0.1)
(0.98 0.01 0.1)
(0.99 0.01 0.1)
(1 0.01 0.1)
(1.01 0.01 0.1)
(1.02 0.01 0.1)
(1.03 0.01 0.1)
(1.04 0.01 0.1)
(1.05 0.01 0.1)
(1.06 0.01 0.1)
(1.07 0.01 0.1)
(1.08 0.01 0.1)
(1.09 0.01 0.1)
(1.1 0.01 0.1)
(1.11 0.01 0.1)
(1.12 0.01 0.1)
(1.13 0.01 0.1)
(1.14 0.01 0.1)
(1.15 0.01 0.1)
(1.16 0.01 0.1)
(1.17 0.01 0.1)
(1.18 0.01 0.1)
(1.19 0.01 0.1)
(1.2 0.01 0.1)
(1.21 0.01 0.1)
(1.22 0.01 0.1)
(1.23 0.01 0.1)
(1.24 0.01 0.1)
(1.25 0.01 0.1)
(1.26 0.01 0.1)
(1.27 0.01 0.1)
(1.28 0.01 0.1)
(1.29 0.01 0.1)
(1.3 0.01 0.1)
(1.31 0.01 0.1)
(1.32 0.01 0.1)
(1.33 0.01 0.1)
(1.34 0.01 0.1)
(1.35 0.01 0.1)
(1.36 0.01 0.1)
(1.37 0.01 0.1)
(1.38 0.01 0.1)
(1.39 0.01 0.1)
(1.4 0.01 0.1)
(1.41 0.01 0.1)
(1.42 0.01 0.1)
(1.43 0.01 0.1)
(1.44 0.01 0.1)
(1.45 0.01 0.1)
(1.46 0.01 0.1)
(1.47 0.01 0.1)
(1.48 0.01 0.1)
(1.49 0.01 0.1)
(1.5 0.01 0.1)
(1.51 0.01 0.1)
(1.52 0.01 0.1)
(1.53 0.01 0.1)
(1.54 0.01 0.1)
(1.55 0.01 0.1)
(1.56 0.01 0.1)
(1.57 0.01 0.1)
(1.58 0.01 0.1)
(1.59 0.01 0.1)
(1.6 0.01 0.1)
(1.61 0.01 0.1)
(1.62 0.01 0.1)
(1.63 0.01 0.1)
(1.64 0.01 0.1)
(1.65 0.01 0.1)
(1.66 0.01 0.1)
(1.67 0.01 0.1)
(1.68 0.01 0.1)
(1.69 0.01 0.1)
(1.7 0.01 0.1)
(1.71 0.01 0.1)
(1.72 0.01 0.1)
(1.73 0.01 0.1)
(1.74 0.01 0.1)
(1.75 0.01 0.1)
(1.76 0.01 0.1)
(1.77 0.01 0.1)
(1.78 0.01 0.1)
(1.79 0.01 0.1)
(1.8 0.01 0.1)
(1.81 0.01 0.1)
(1.82 0.01 0.1)
(1.83 0.01 0.1)
(1.84 0.01 0.1)
(1.85 0.01 0.1)
(1.86 0.01 0.1)
(1.87 0.01 0.1)
(1.88 0.01 0.1)
(1.89 0.01 0.1)
(1.9 0.01 0.1)
(1.91 0.01 0.1)
(1.92 0.01 0.1)
(1.93 0.01 0.1)
(1.94 0.01 0.1)
(1.95 0.01 0.1)
(1.96 0.01 0.1)
(1.97 0.01 0.1)
(1.98 0.01 0.1)
(1.99 0.01 0.1)
(0 0 0.01)
(0 0 0.02)
(0 0 0.03)
(0 0 0.04)
(0 0 0.05)
(0 0 0.06)
(0 0 0.07)
(0 0 0.08)
(0 0 0.09)
(2 0 0.01)
(2 0 0.02)
(2 0 0.03)
(2 0 0.04)
(2 0 0.05)
(2 0 0.06)
(2 0 0.07)
(2 0 0.08)
(2 0 0.09)
(0.01 0 0)
(0.02 0 0)
(0.03 0 0)
(0.04 0 0)
(0.05 0 0)
(0.06 0 0)
(0.07 0 0)
(0.08 0 0)
(0.09 0 0)
(0.1 0 0)
(0.11 0 0)
(0.12 0 0)
(0.13 0 0)
(0.14 0 0)
(0.15 0 0)
(0.16 0 0)
(0.17 0 0)
(0.18 0 0)
(0.19 0 0)
(0.2 0 0)
(0.21 0 0)
(0.22 0 0)
(0.23 0 0)
(0.24 0 0)
(0.25 0 0)
(0.26 0 0)
(0.27 0 0)
(0.28 0 0)
(0.29 0 0)
(0.3 0 0)
(0.31 0 0)
(0.32 0 0)
(0.33 0 0)
(0.34 0 0)
(0.35 0 0)
(0.36 0 0)
(0.37 0 0)
(0.38 0 0)
(0.39 0 0)
(0.4 0 0)
(0.41 0 0)
(0.42 0 0)
(0.43 0 0)
(0.44 0 0)
(0.45 0 0)
(0.46 0 0)
(0.47 0 0)
(0.48 0 0)
(0.49 0 0)
(0.5 0 0)
(0.51 0 0)
(0.52 0 0)
(0.53 0 0)
(0.54 0 0)
(0.55 0 0)
(0.56 0 0)
(0.57 0 0)
(0.58 0 0)
(0.59 0 0)
(0.6 0 0)
(0.61 0 0)
(0.62 0 0)
(0.63 0 0)
(0.64 0 0)
(0.65 0 0)
(0.66 0 0)
(0.67 0 0)
(0.68 0 0)
(0.69 0 0)
(0.7 0 0)
(0.71 0 0)
(0.72 0 0)
(0.73 0 0)
(0.74 0 0)
(0.75 0 0)
(0.76 0 0)
(0.77 0 0)
(0.78 0 0)
(0.79 0 0)
(0.8 0 0)
(0.81 0 0)
(0.82 0 0)
(0.83 0 0)
(0.84 0 0)
(0.85 0 0)
(0.86 0 0)
(0.87 0 0)
(0.88 0 0)
(0.89 0 0)
(0.9 0 0)
(0.91 0 0)
(0.92 0 0)
(0.93 0 0)
(0.94 0 0)
(0.95 0 0)
(0.96 0 0)
(0.97 0 0)
(0.98 0 0)
(0.99 0 0)
(1 0 0)
(1.01 0 0)
(1.02 0 0)
(1.03 0 0)
(1.04 0 0)
(1.05 0 0)
(1.06 0 0)
(1.07 0 0)
(1.08 0 0)
(1.09 0 0)
(1.1 0 0)
(1.11 0 0)
(1.12 0 0)
(1.13 0 0)
(1.14 0 0)
(1.15 0 0)
(1.16 0 0)
(1.17 0 0)
(1.18 0 0)
(1.19 0 0)
(1.2 0 0)
(1.21 0 0)
(1.22 0 0)
(1.23 0 0)
(1.24 0 0)
(1.25 0 0)
(1.26 0 0)
(1.27 0 0)
(1.28 0 0)
(1.29 0 0)
(1.3 0 0)
(1.31 0 0)
(1.32 0 0)
(1.33 0 0)
(1.34 0 0)
(1.35 0 0)
(1.36 0 0)
(1.37 0 0)
(1.38 0 0)
(1.39 0 0)
(1.4 0 0)
(1.41 0 0)
(1.42 0 0)
(1.43 0 0)
(1.44 0 0)
(1.45 0 0)
(1.46 0 0)
(1.47 0 0)
(1.48 0 0)
(1.49 0 0)
(1.5 0 0)
(1.51 0 0)
(1.52 0 0)
(1.53 0 0)
(1.54 0 0)
(1.55 0 0)
(1.56 0 0)
(1.57 0 0)
(1.58 0 0)
(1.59 0 0)
(1.6 0 0)
(1.61 0 0)
(1.62 0 0)
(1.63 0 0)
(1.64 0 0)
(1.65 0 0)
(1.66 0 0)
(1.67 0 0)
(1.68 0 0)
(1.69 0 0)
(1.7 0 0)
(1.71 0 0)
(1.72 0 0)
(1.73 0 0)
(1.74 0 0)
(1.75 0 0)
(1.76 0 0)
(1.77 0 0)
(1.78 0 0)
(1.79 0 0)
(1.8 0 0)
(1.81 0 0)
(1.82 0 0)
(1.83 0 0)
(1.84 0 0)
(1.85 0 0)
(1.86 0 0)
(1.87 0 0)
(1.88 0 0)
(1.89 0 0)
(1.9 0 0)
(1.91 0 0)
(1.92 0 0)
(1.93 0 0)
(1.94 0 0)
(1.95 0 0)
(1.96 0 0)
(1.97 0 0)
(1.98 0 0)
(1.99 0 0)
(0.01 0 0.1)
(0.02 0 0.1)
(0.03 0 0.1)
(0.04 0 0.1)
(0.05 0 0.1)
(0.06 0 0.1)
(0.07 0 0.1)
(0.08 0 0.1)
(0.09 0 0.1)
(0.1 0 0.1)
(0.11 0 0.1)
(0.12 0 0.1)
(0.13 0 0.1)
(0.14 0 0.1)
(0.15 0 0.1)
(0.16 0 0.1)
(0.17 0 0.1)
(0.18 0 0.1)
(0.19 0 0.1)
(0.2 0 0.1)
(0.21 0 0.1)
(0.22 0 0.1)
(0.23 0 0.1)
(0.24 0 0.1)
(0.25 0 0.1)
(0.26 0 0.1)
(0.27 0 0.1)
(0.28 0 0.1)
(0.29 0 0.1)
(0.3 0 0.1)
(0.31 0 0.1)
(0.32 0 0.1)
(0.33 0 0.1)
(0.34 0 0.1)
(0.35 0 0.1)
(0.36 0 0.1)
(0.37 0 0.1)
(0.38 0 0.1)
(0.39 0 0.1)
(0.4 0 0.1)
(0.41 0 0.1)
(0.42 0 0.1)
(0.43 0 0.1)
(0.44 0 0.1)
(0.45 0 0.1)
(0.46 0 0.1)
(0.47 0 0.1)
(0.48 0 0.1)
(0.49 0 0.1)
(0.5 0 0.1)
(0.51 0 0.1)
(0.52 0 0.1)
(0.53 0 0.1)
(0.54 0 0.1)
(0.55 0 0.1)
(0.56 0 0.1)
(0.57 0 0.1)
(0.58 0 0.1)
(0.59 0 0.1)
(0.6 0 0.1)
(0.61 0 0.1)
(0.62 0 0.1)
(0.63 0 0.1)
(0.64 0 0.1)
(0.65 0 0.1)
(0.66 0 0.1)
(0.67 0 0.1)
(0.68 0 0.1)
(0.69 0 0.1)
(0.7 0 0.1)
(0.71 0 0.1)
(0.72 0 0.1)
(0.73 0 0.1)
(0.74 0 0.1)
(0.75 0 0.1)
(0.76 0 0.1)
(0.77 0 0.1)
(0.78 0 0.1)
(0.79 0 0.1)
(0.8 0 0.1)
(0.81 0 0.1)
(0.82 0 0.1)
(0.83 0 0.1)
(0.84 0 0.1)
(0.85 0 0.1)
(0.86 0 0.1)
(0.87 0 0.1)
(0.88 0 0.1)
(0.89 0 0.1)
(0.9 0 0.1)
(0.91 0 0.1)
(0.92 0 0.1)
(0.93 0 0.1)
(0.94 0 0.1)
(0.95 0 0.1)
(0.96 0 0.1)
(0.97 0 0.1)
(0.98 0 0.1)
(0.99 0 0.1)
(1 0 0.1)
(1.01 0 0.1)
(1.02 0 0.1)
(1.03 0 0.1)
(1.04 0 0.1)
(1.05 0 0.1)
(1.06 0 0.1)
(1.07 0 0.1)
(1.08 0 0.1)
(1.09 0 0.1)
(1.1 0 0.1)
(1.11 0 0.1)
(1.12 0 0.1)
(1.13 0 0.1)
(1.14 0 0.1)
(1.15 0 0.1)
(1.16 0 0.1)
(1.17 0 0.1)
(1.18 0 0.1)
(1.19 0 0.1)
(1.2 0 0.1)
(1.21 0 0.1)
(1.22 0 0.1)
(1.23 0 0.1)
(1.24 0 0.1)
(1.25 0 0.1)
(1.26 0 0.1)
(1.27 0 0.1)
(1.28 0 0.1)
(1.29 0 0.1)
(1.3 0 0.1)
(1.31 0 0.1)
(1.32 0 0.1)
(1.33 0 0.1)
(1.34 0 0.1)
(1.35 0 0.1)
(1.36 0 0.1)
(1.37 0 0.1)
(1.38 0 0.1)
(1.39 0 0.1)
(1.4 0 0.1)
(1.41 0 0.1)
(1.42 0 0.1)
(1.43 0 0.1)
(1.44 0 0.1)
(1.45 0 0.1)
(1.46 0 0.1)
(1.47 0 0.1)
(1.48 0 0.1)
(1.49 0 0.1)
(1.5 0 0.1)
(1.51 0 0.1)
(1.52 0 0.1)
(1.53 0 0.1)
(1.54 0 0.1)
(1.55 0 0.1)
(1.56 0 0.1)
(1.57 0 0.1)
(1.58 0 0.1)
(1.59 0 0.1)
(1.6 0 0.1)
(1.61 0 0.1)
(1.62 0 0.1)
(1.63 0 0.1)
(1.64 0 0.1)
(1.65 0 0.1)
(1.66 0 0.1)
(1.67 0 0.1)
(1.68 0 0.1)
(1.69 0 0.1)
(1.7 0 0.1)
(1.71 0 0.1)
(1.72 0 0.1)
(1.73 0 0.1)
(1.74 0 0.1)
(1.75 0 0.1)
(1.76 0 0.1)
(1.77 0 0.1)
(1.78 0 0.1)
(1.79 0 0.1)
(1.8 0 0.1)
(1.81 0 0.1)
(1.82 0 0.1)
(1.83 0 0.1)
(1.84 0 0.1)
(1.85 0 0.1)
(1.86 0 0.1)
(1.87 0 0.1)
(1.88 0 0.1)
(1.89 0 0.1)
(1.9 0 0.1)
(1.91 0 0.1)
(1.92 0 0.1)
(1.93 0 0.1)
(1.94 0 0.1)
(1.95 0 0.1)
(1.96 0 0.1)
(1.97 0 0.1)
(1.98 0 0.1)
(1.99 0 0.1)
(0.01 0 0.01)
(0.01 0 0.02)
(0.01 0 0.03)
(0.01 0 0.04)
(0.01 0 0.05)
(0.01 0 0.06)
(0.01 0 0.07)
(0.01 0 0.08)
(0.01 0 0.09)
(0.02 0 0.01)
(0.02 0 0.02)
(0.02 0 0.03)
(0.02 0 0.04)
(0.02 0 0.05)
(0.02 0 0.06)
(0.02 0 0.07)
(0.02 0 0.08)
(0.02 0 0.09)
(0.03 0 0.01)
(0.03 0 0.02)
(0.03 0 0.03)
(0.03 0 0.04)
(0.03 0 0.05)
(0.03 0 0.06)
(0.03 0 0.07)
(0.03 0 0.08)
(0.03 0 0.09)
(0.04 0 0.01)
(0.04 0 0.02)
(0.04 0 0.03)
(0.04 0 0.04)
(0.04 0 0.05)
(0.04 0 0.06)
(0.04 0 0.07)
(0.04 0 0.08)
(0.04 0 0.09)
(0.05 0 0.01)
(0.05 0 0.02)
(0.05 0 0.03)
(0.05 0 0.04)
(0.05 0 0.05)
(0.05 0 0.06)
(0.05 0 0.07)
(0.05 0 0.08)
(0.05 0 0.09)
(0.06 0 0.01)
(0.06 0 0.02)
(0.06 0 0.03)
(0.06 0 0.04)
(0.06 0 0.05)
(0.06 0 0.06)
(0.06 0 0.07)
(0.06 0 0.08)
(0.06 0 0.09)
(0.07 0 0.01)
(0.07 0 0.02)
(0.07 0 0.03)
(0.07 0 0.04)
(0.07 0 0.05)
(0.07 0 0.06)
(0.07 0 0.07)
(0.07 0 0.08)
(0.07 0 0.09)
(0.08 0 0.01)
(0.08 0 0.02)
(0.08 0 0.03)
(0.08 0 0.04)
(0.08 0 0.05)
(0.08 0 0.06)
(0.08 0 0.07)
(0.08 0 0.08)
(0.08 0 0.09)
(0.09 0 0.01)
(0.09 0 0.02)
(0.09 0 0.03)
(0.09 0 0.04)
(0.09 0 0.05)
(0.09 0 0.06)
(0.09 0 0.07)
(0.09 0 0.08)
(0.09 0 0.09)
(0.1 0 0.01)
(0.1 0 0.02)
(0.1 0 0.03)
(0.1 0 0.04)
(0.1 0 0.05)
(0.1 0 0.06)
(0.1 0 0.07)
(0.1 0 0.08)
(0.1 0 0.09)
(0.11 0 0.01)
(0.11 0 0.02)
(0.11 0 0.03)
(0.11 0 0.04)
(0.11 0 0.05)
(0.11 0 0.06)
(0.11 0 0.07)
(0.11 0 0.08)
(0.11 0 0.09)
(0.12 0 0.01)
(0.12 0 0.02)
(0.12 0 0.03)
(0.12 0 0.04)
(0.12 0 0.05)
(0.12 0 0.06)
(0.12 0 0.07)
(0.12 0 0.08)
(0.12 0 0.09)
(0.13 0 0.01)
(0.13 0 0.02)
(0.13 0 0.03)
(0.13 0 0.04)
(0.13 0 0.05)
(0.13 0 0.06)
(0.13 0 0.07)
(0.13 0 0.08)
(0.13 0 0.09)
(0.14 0 0.01)
(0.14 0 0.02)
(0.14 0 0.03)
(0.14 0 0.04)
(0.14 0 0.05)
(0.14 0 0.06)
(0.14 0 0.07)
(0.14 0 0.08)
(0.14 0 0.09)
(0.15 0 0.01)
(0.15 0 0.02)
(0.15 0 0.03)
(0.15 0 0.04)
(0.15 0 0.05)
(0.15 0 0.06)
(0.15 0 0.07)
(0.15 0 0.08)
(0.15 0 0.09)
(0.16 0 0.01)
(0.16 0 0.02)
(0.16 0 0.03)
(0.16 0 0.04)
(0.16 0 0.05)
(0.16 0 0.06)
(0.16 0 0.07)
(0.16 0 0.08)
(0.16 0 0.09)
(0.17 0 0.01)
(0.17 0 0.02)
(0.17 0 0.03)
(0.17 0 0.04)
(0.17 0 0.05)
(0.17 0 0.06)
(0.17 0 0.07)
(0.17 0 0.08)
(0.17 0 0.09)
(0.18 0 0.01)
(0.18 0 0.02)
(0.18 0 0.03)
(0.18 0 0.04)
(0.18 0 0.05)
(0.18 0 0.06)
(0.18 0 0.07)
(0.18 0 0.08)
(0.18 0 0.09)
(0.19 0 0.01)
(0.19 0 0.02)
(0.19 0 0.03)
(0.19 0 0.04)
(0.19 0 0.05)
(0.19 0 0.06)
(0.19 0 0.07)
(0.19 0 0.08)
(0.19 0 0.09)
(0.2 0 0.01)
(0.2 0 0.02)
(0.2 0 0.03)
(0.2 0 0.04)
(0.2 0 0.05)
(0.2 0 0.06)
(0.2 0 0.07)
(0.2 0 0.08)
(0.2 0 0.09)
(0.21 0 0.01)
(0.21 0 0.02)
(0.21 0 0.03)
(0.21 0 0.04)
(0.21 0 0.05)
(0.21 0 0.06)
(0.21 0 0.07)
(0.21 0 0.08)
(0.21 0 0.09)
(0.22 0 0.01)
(0.22 0 0.02)
(0.22 0 0.03)
(0.22 0 0.04)
(0.22 0 0.05)
(0.22 0 0.06)
(0.22 0 0.07)
(0.22 0 0.08)
(0.22 0 0.09)
(0.23 0 0.01)
(0.23 0 0.02)
(0.23 0 0.03)
(0.23 0 0.04)
(0.23 0 0.05)
(0.23 0 0.06)
(0.23 0 0.07)
(0.23 0 0.08)
(0.23 0 0.09)
(0.24 0 0.01)
(0.24 0 0.02)
(0.24 0 0.03)
(0.24 0 0.04)
(0.24 0 0.05)
(0.24 0 0.06)
(0.24 0 0.07)
(0.24 0 0.08)
(0.24 0 0.09)
(0.25 0 0.01)
(0.25 0 0.02)
(0.25 0 0.03)
(0.25 0 0.04)
(0.25 0 0.05)
(0.25 0 0.06)
(0.25 0 0.07)
(0.25 0 0.08)
(0.25 0 0.09)
(0.26 0 0.01)
(0.26 0 0.02)
(0.26 0 0.03)
(0.26 0 0.04)
(0.26 0 0.05)
(0.26 0 0.06)
(0.26 0 0.07)
(0.26 0 0.08)
(0.26 0 0.09)
(0.27 0 0.01)
(0.27 0 0.02)
(0.27 0 0.03)
(0.27 0 0.04)
(0.27 0 0.05)
(0.27 0 0.06)
(0.27 0 0.07)
(0.27 0 0.08)
(0.27 0 0.09)
(0.28 0 0.01)
(0.28 0 0.02)
(0.28 0 0.03)
(0.28 0 0.04)
(0.28 0 0.05)
(0.28 0 0.06)
(0.28 0 0.07)
(0.28 0 0.08)
(0.28 0 0.09)
(0.29 0 0.01)
(0.29 0 0.02)
(0.29 0 0.03)
(0.29 0 0.04)
(0.29 0 0.05)
(0.29 0 0.06)
(0.29 0 0.07)
(0.29 0 0.08)
(0.29 0 0.09)
(0.3 0 0.01)
(0.3 0 0.02)
(0.3 0 0.03)
(0.3 0 0.04)
(0.3 0 0.05)
(0.3 0 0.06)
(0.3 0 0.07)
(0.3 0 0.08)
(0.3 0 0.09)
(0.31 0 0.01)
(0.31 0 0.02)
(0.31 0 0.03)
(0.31 0 0.04)
(0.31 0 0.05)
(0.31 0 0.06)
(0.31 0 0.07)
(0.31 0 0.08)
(0.31 0 0.09)
(0.32 0 0.01)
(0.32 0 0.02)
(0.32 0 0.03)
(0.32 0 0.04)
(0.32 0 0.05)
(0.32 0 0.06)
(0.32 0 0.07)
(0.32 0 0.08)
(0.32 0 0.09)
(0.33 0 0.01)
(0.33 0 0.02)
(0.33 0 0.03)
(0.33 0 0.04)
(0.33 0 0.05)
(0.33 0 0.06)
(0.33 0 0.07)
(0.33 0 0.08)
(0.33 0 0.09)
(0.34 0 0.01)
(0.34 0 0.02)
(0.34 0 0.03)
(0.34 0 0.04)
(0.34 0 0.05)
(0.34 0 0.06)
(0.34 0 0.07)
(0.34 0 0.08)
(0.34 0 0.09)
(0.35 0 0.01)
(0.35 0 0.02)
(0.35 0 0.03)
(0.35 0 0.04)
(0.35 0 0.05)
(0.35 0 0.06)
(0.35 0 0.07)
(0.35 0 0.08)
(0.35 0 0.09)
(0.36 0 0.01)
(0.36 0 0.02)
(0.36 0 0.03)
(0.36 0 0.04)
(0.36 0 0.05)
(0.36 0 0.06)
(0.36 0 0.07)
(0.36 0 0.08)
(0.36 0 0.09)
(0.37 0 0.01)
(0.37 0 0.02)
(0.37 0 0.03)
(0.37 0 0.04)
(0.37 0 0.05)
(0.37 0 0.06)
(0.37 0 0.07)
(0.37 0 0.08)
(0.37 0 0.09)
(0.38 0 0.01)
(0.38 0 0.02)
(0.38 0 0.03)
(0.38 0 0.04)
(0.38 0 0.05)
(0.38 0 0.06)
(0.38 0 0.07)
(0.38 0 0.08)
(0.38 0 0.09)
(0.39 0 0.01)
(0.39 0 0.02)
(0.39 0 0.03)
(0.39 0 0.04)
(0.39 0 0.05)
(0.39 0 0.06)
(0.39 0 0.07)
(0.39 0 0.08)
(0.39 0 0.09)
(0.4 0 0.01)
(0.4 0 0.02)
(0.4 0 0.03)
(0.4 0 0.04)
(0.4 0 0.05)
(0.4 0 0.06)
(0.4 0 0.07)
(0.4 0 0.08)
(0.4 0 0.09)
(0.41 0 0.01)
(0.41 0 0.02)
(0.41 0 0.03)
(0.41 0 0.04)
(0.41 0 0.05)
(0.41 0 0.06)
(0.41 0 0.07)
(0.41 0 0.08)
(0.41 0 0.09)
(0.42 0 0.01)
(0.42 0 0.02)
(0.42 0 0.03)
(0.42 0 0.04)
(0.42 0 0.05)
(0.42 0 0.06)
(0.42 0 0.07)
(0.42 0 0.08)
(0.42 0 0.09)
(0.43 0 0.01)
(0.43 0 0.02)
(0.43 0 0.03)
(0.43 0 0.04)
(0.43 0 0.05)
(0.43 0 0.06)
(0.43 0 0.07)
(0.43 0 0.08)
(0.43 0 0.09)
(0.44 0 0.01)
(0.44 0 0.02)
(0.44 0 0.03)
(0.44 0 0.04)
(0.44 0 0.05)
(0.44 0 0.06)
(0.44 0 0.07)
(0.44 0 0.08)
(0.44 0 0.09)
(0.45 0 0.01)
(0.45 0 0.02)
(0.45 0 0.03)
(0.45 0 0.04)
(0.45 0 0.05)
(0.45 0 0.06)
(0.45 0 0.07)
(0.45 0 0.08)
(0.45 0 0.09)
(0.46 0 0.01)
(0.46 0 0.02)
(0.46 0 0.03)
(0.46 0 0.04)
(0.46 0 0.05)
(0.46 0 0.06)
(0.46 0 0.07)
(0.46 0 0.08)
(0.46 0 0.09)
(0.47 0 0.01)
(0.47 0 0.02)
(0.47 0 0.03)
(0.47 0 0.04)
(0.47 0 0.05)
(0.47 0 0.06)
(0.47 0 0.07)
(0.47 0 0.08)
(0.47 0 0.09)
(0.48 0 0.01)
(0.48 0 0.02)
(0.48 0 0.03)
(0.48 0 0.04)
(0.48 0 0.05)
(0.48 0 0.06)
(0.48 0 0.07)
(0.48 0 0.08)
(0.48 0 0.09)
(0.49 0 0.01)
(0.49 0 0.02)
(0.49 0 0.03)
(0.49 0 0.04)
(0.49 0 0.05)
(0.49 0 0.06)
(0.49 0 0.07)
(0.49 0 0.08)
(0.49 0 0.09)
(0.5 0 0.01)
(0.5 0 0.02)
(0.5 0 0.03)
(0.5 0 0.04)
(0.5 0 0.05)
(0.5 0 0.06)
(0.5 0 0.07)
(0.5 0 0.08)
(0.5 0 0.09)
(0.51 0 0.01)
(0.51 0 0.02)
(0.51 0 0.03)
(0.51 0 0.04)
(0.51 0 0.05)
(0.51 0 0.06)
(0.51 0 0.07)
(0.51 0 0.08)
(0.51 0 0.09)
(0.52 0 0.01)
(0.52 0 0.02)
(0.52 0 0.03)
(0.52 0 0.04)
(0.52 0 0.05)
(0.52 0 0.06)
(0.52 0 0.07)
(0.52 0 0.08)
(0.52 0 0.09)
(0.53 0 0.01)
(0.53 0 0.02)
(0.53 0 0.03)
(0.53 0 0.04)
(0.53 0 0.05)
(0.53 0 0.06)
(0.53 0 0.07)
(0.53 0 0.08)
(0.53 0 0.09)
(0.54 0 0.01)
(0.54 0 0.02)
(0.54 0 0.03)
(0.54 0 0.04)
(0.54 0 0.05)
(0.54 0 0.06)
(0.54 0 0.07)
(0.54 0 0.08)
(0.54 0 0.09)
(0.55 0 0.01)
(0.55 0 0.02)
(0.55 0 0.03)
(0.55 0 0.04)
(0.55 0 0.05)
(0.55 0 0.06)
(0.55 0 0.07)
(0.55 0 0.08)
(0.55 0 0.09)
(0.56 0 0.01)
(0.56 0 0.02)
(0.56 0 0.03)
(0.56 0 0.04)
(0.56 0 0.05)
(0.56 0 0.06)
(0.56 0 0.07)
(0.56 0 0.08)
(0.56 0 0.09)
(0.57 0 0.01)
(0.57 0 0.02)
(0.57 0 0.03)
(0.57 0 0.04)
(0.57 0 0.05)
(0.57 0 0.06)
(0.57 0 0.07)
(0.57 0 0.08)
(0.57 0 0.09)
(0.58 0 0.01)
(0.58 0 0.02)
(0.58 0 0.03)
(0.58 0 0.04)
(0.58 0 0.05)
(0.58 0 0.06)
(0.58 0 0.07)
(0.58 0 0.08)
(0.58 0 0.09)
(0.59 0 0.01)
(0.59 0 0.02)
(0.59 0 0.03)
(0.59 0 0.04)
(0.59 0 0.05)
(0.59 0 0.06)
(0.59 0 0.07)
(0.59 0 0.08)
(0.59 0 0.09)
(0.6 0 0.01)
(0.6 0 0.02)
(0.6 0 0.03)
(0.6 0 0.04)
(0.6 0 0.05)
(0.6 0 0.06)
(0.6 0 0.07)
(0.6 0 0.08)
(0.6 0 0.09)
(0.61 0 0.01)
(0.61 0 0.02)
(0.61 0 0.03)
(0.61 0 0.04)
(0.61 0 0.05)
(0.61 0 0.06)
(0.61 0 0.07)
(0.61 0 0.08)
(0.61 0 0.09)
(0.62 0 0.01)
(0.62 0 0.02)
(0.62 0 0.03)
(0.62 0 0.04)
(0.62 0 0.05)
(0.62 0 0.06)
(0.62 0 0.07)
(0.62 0 0.08)
(0.62 0 0.09)
(0.63 0 0.01)
(0.63 0 0.02)
(0.63 0 0.03)
(0.63 0 0.04)
(0.63 0 0.05)
(0.63 0 0.06)
(0.63 0 0.07)
(0.63 0 0.08)
(0.63 0 0.09)
(0.64 0 0.01)
(0.64 0 0.02)
(0.64 0 0.03)
(0.64 0 0.04)
(0.64 0 0.05)
(0.64 0 0.06)
(0.64 0 0.07)
(0.64 0 0.08)
(0.64 0 0.09)
(0.65 0 0.01)
(0.65 0 0.02)
(0.65 0 0.03)
(0.65 0 0.04)
(0.65 0 0.05)
(0.65 0 0.06)
(0.65 0 0.07)
(0.65 0 0.08)
(0.65 0 0.09)
(0.66 0 0.01)
(0.66 0 0.02)
(0.66 0 0.03)
(0.66 0 0.04)
(0.66 0 0.05)
(0.66 0 0.06)
(0.66 0 0.07)
(0.66 0 0.08)
(0.66 0 0.09)
(0.67 0 0.01)
(0.67 0 0.02)
(0.67 0 0.03)
(0.67 0 0.04)
(0.67 0 0.05)
(0.67 0 0.06)
(0.67 0 0.07)
(0.67 0 0.08)
(0.67 0 0.09)
(0.68 0 0.01)
(0.68 0 0.02)
(0.68 0 0.03)
(0.68 0 0.04)
(0.68 0 0.05)
(0.68 0 0.06)
(0.68 0 0.07)
(0.68 0 0.08)
(0.68 0 0.09)
(0.69 0 0.01)
(0.69 0 0.02)
(0.69 0 0.03)
(0.69 0 0.04)
(0.69 0 0.05)
(0.69 0 0.06)
(0.69 0 0.07)
(0.69 0 0.08)
(0.69 0 0.09)
(0.7 0 0.01)
(0.7 0 0.02)
(0.7 0 0.03)
(0.7 0 0.04)
(0.7 0 0.05)
(0.7 0 0.06)
(0.7 0 0.07)
(0.7 0 0.08)
(0.7 0 0.09)
(0.71 0 0.01)
(0.71 0 0.02)
(0.71 0 0.03)
(0.71 0 0.04)
(0.71 0 0.05)
(0.71 0 0.06)
(0.71 0 0.07)
(0.71 0 0.08)
(0.71 0 0.09)
(0.72 0 0.01)
(0.72 0 0.02)
(0.72 0 0.03)
(0.72 0 0.04)
(0.72 0 0.05)
(0.72 0 0.06)
(0.72 0 0.07)
(0.72 0 0.08)
(0.72 0 0.09)
(0.73 0 0.01)
(0.73 0 0.02)
(0.73 0 0.03)
(0.73 0 0.04)
(0.73 0 0.05)
(0.73 0 0.06)
(0.73 0 0.07)
(0.73 0 0.08)
(0.73 0 0.09)
(0.74 0 0.01)
(0.74 0 0.02)
(0.74 0 0.03)
(0.74 0 0.04)
(0.74 0 0.05)
(0.74 0 0.06)
(0.74 0 0.07)
(0.74 0 0.08)
(0.74 0 0.09)
(0.75 0 0.01)
(0.75 0 0.02)
(0.75 0 0.03)
(0.75 0 0.04)
(0.75 0 0.05)
(0.75 0 0.06)
(0.75 0 0.07)
(0.75 0 0.08)
(0.75 0 0.09)
(0.76 0 0.01)
(0.76 0 0.02)
(0.76 0 0.03)
(0.76 0 0.04)
(0.76 0 0.05)
(0.76 0 0.06)
(0.76 0 0.07)
(0.76 0 0.08)
(0.76 0 0.09)
(0.77 0 0.01)
(0.77 0 0.02)
(0.77 0 0.03)
(0.77 0 0.04)
(0.77 0 0.05)
(0.77 0 0.06)
(0.77 0 0.07)
(0.77 0 0.08)
(0.77 0 0.09)
(0.78 0 0.01)
(0.78 0 0.02)
(0.78 0 0.03)
(0.78 0 0.04)
(0.78 0 0.05)
(0.78 0 0.06)
(0.78 0 0.07)
(0.78 0 0.08)
(0.78 0 0.09)
(0.79 0 0.01)
(0.79 0 0.02)
(0.79 0 0.03)
(0.79 0 0.04)
(0.79 0 0.05)
(0.79 0 0.06)
(0.79 0 0.07)
(0.79 0 0.08)
(0.79 0 0.09)
(0.8 0 0.01)
(0.8 0 0.02)
(0.8 0 0.03)
(0.8 0 0.04)
(0.8 0 0.05)
(0.8 0 0.06)
(0.8 0 0.07)
(0.8 0 0.08)
(0.8 0 0.09)
(0.81 0 0.01)
(0.81 0 0.02)
(0.81 0 0.03)
(0.81 0 0.04)
(0.81 0 0.05)
(0.81 0 0.06)
(0.81 0 0.07)
(0.81 0 0.08)
(0.81 0 0.09)
(0.82 0 0.01)
(0.82 0 0.02)
(0.82 0 0.03)
(0.82 0 0.04)
(0.82 0 0.05)
(0.82 0 0.06)
(0.82 0 0.07)
(0.82 0 0.08)
(0.82 0 0.09)
(0.83 0 0.01)
(0.83 0 0.02)
(0.83 0 0.03)
(0.83 0 0.04)
(0.83 0 0.05)
(0.83 0 0.06)
(0.83 0 0.07)
(0.83 0 0.08)
(0.83 0 0.09)
(0.84 0 0.01)
(0.84 0 0.02)
(0.84 0 0.03)
(0.84 0 0.04)
(0.84 0 0.05)
(0.84 0 0.06)
(0.84 0 0.07)
(0.84 0 0.08)
(0.84 0 0.09)
(0.85 0 0.01)
(0.85 0 0.02)
(0.85 0 0.03)
(0.85 0 0.04)
(0.85 0 0.05)
(0.85 0 0.06)
(0.85 0 0.07)
(0.85 0 0.08)
(0.85 0 0.09)
(0.86 0 0.01)
(0.86 0 0.02)
(0.86 0 0.03)
(0.86 0 0.04)
(0.86 0 0.05)
(0.86 0 0.06)
(0.86 0 0.07)
(0.86 0 0.08)
(0.86 0 0.09)
(0.87 0 0.01)
(0.87 0 0.02)
(0.87 0 0.03)
(0.87 0 0.04)
(0.87 0 0.05)
(0.87 0 0.06)
(0.87 0 0.07)
(0.87 0 0.08)
(0.87 0 0.09)
(0.88 0 0.01)
(0.88 0 0.02)
(0.88 0 0.03)
(0.88 0 0.04)
(0.88 0 0.05)
(0.88 0 0.06)
(0.88 0 0.07)
(0.88 0 0.08)
(0.88 0 0.09)
(0.89 0 0.01)
(0.89 0 0.02)
(0.89 0 0.03)
(0.89 0 0.04)
(0.89 0 0.05)
(0.89 0 0.06)
(0.89 0 0.07)
(0.89 0 0.08)
(0.89 0 0.09)
(0.9 0 0.01)
(0.9 0 0.02)
(0.9 0 0.03)
(0.9 0 0.04)
(0.9 0 0.05)
(0.9 0 0.06)
(0.9 0 0.07)
(0.9 0 0.08)
(0.9 0 0.09)
(0.91 0 0.01)
(0.91 0 0.02)
(0.91 0 0.03)
(0.91 0 0.04)
(0.91 0 0.05)
(0.91 0 0.06)
(0.91 0 0.07)
(0.91 0 0.08)
(0.91 0 0.09)
(0.92 0 0.01)
(0.92 0 0.02)
(0.92 0 0.03)
(0.92 0 0.04)
(0.92 0 0.05)
(0.92 0 0.06)
(0.92 0 0.07)
(0.92 0 0.08)
(0.92 0 0.09)
(0.93 0 0.01)
(0.93 0 0.02)
(0.93 0 0.03)
(0.93 0 0.04)
(0.93 0 0.05)
(0.93 0 0.06)
(0.93 0 0.07)
(0.93 0 0.08)
(0.93 0 0.09)
(0.94 0 0.01)
(0.94 0 0.02)
(0.94 0 0.03)
(0.94 0 0.04)
(0.94 0 0.05)
(0.94 0 0.06)
(0.94 0 0.07)
(0.94 0 0.08)
(0.94 0 0.09)
(0.95 0 0.01)
(0.95 0 0.02)
(0.95 0 0.03)
(0.95 0 0.04)
(0.95 0 0.05)
(0.95 0 0.06)
(0.95 0 0.07)
(0.95 0 0.08)
(0.95 0 0.09)
(0.96 0 0.01)
(0.96 0 0.02)
(0.96 0 0.03)
(0.96 0 0.04)
(0.96 0 0.05)
(0.96 0 0.06)
(0.96 0 0.07)
(0.96 0 0.08)
(0.96 0 0.09)
(0.97 0 0.01)
(0.97 0 0.02)
(0.97 0 0.03)
(0.97 0 0.04)
(0.97 0 0.05)
(0.97 0 0.06)
(0.97 0 0.07)
(0.97 0 0.08)
(0.97 0 0.09)
(0.98 0 0.01)
(0.98 0 0.02)
(0.98 0 0.03)
(0.98 0 0.04)
(0.98 0 0.05)
(0.98 0 0.06)
(0.98 0 0.07)
(0.98 0 0.08)
(0.98 0 0.09)
(0.99 0 0.01)
(0.99 0 0.02)
(0.99 0 0.03)
(0.99 0 0.04)
(0.99 0 0.05)
(0.99 0 0.06)
(0.99 0 0.07)
(0.99 0 0.08)
(0.99 0 0.09)
(1 0 0.01)
(1 0 0.02)
(1 0 0.03)
(1 0 0.04)
(1 0 0.05)
(1 0 0.06)
(1 0 0.07)
(1 0 0.08)
(1 0 0.09)
(1.01 0 0.01)
(1.01 0 0.02)
(1.01 0 0.03)
(1.01 0 0.04)
(1.01 0 0.05)
(1.01 0 0.06)
(1.01 0 0.07)
(1.01 0 0.08)
(1.01 0 0.09)
(1.02 0 0.01)
(1.02 0 0.02)
(1.02 0 0.03)
(1.02 0 0.04)
(1.02 0 0.05)
(1.02 0 0.06)
(1.02 0 0.07)
(1.02 0 0.08)
(1.02 0 0.09)
(1.03 0 0.01)
(1.03 0 0.02)
(1.03 0 0.03)
(1.03 0 0.04)
(1.03 0 0.05)
(1.03 0 0.06)
(1.03 0 0.07)
(1.03 0 0.08)
(1.03 0 0.09)
(1.04 0 0.01)
(1.04 0 0.02)
(1.04 0 0.03)
(1.04 0 0.04)
(1.04 0 0.05)
(1.04 0 0.06)
(1.04 0 0.07)
(1.04 0 0.08)
(1.04 0 0.09)
(1.05 0 0.01)
(1.05 0 0.02)
(1.05 0 0.03)
(1.05 0 0.04)
(1.05 0 0.05)
(1.05 0 0.06)
(1.05 0 0.07)
(1.05 0 0.08)
(1.05 0 0.09)
(1.06 0 0.01)
(1.06 0 0.02)
(1.06 0 0.03)
(1.06 0 0.04)
(1.06 0 0.05)
(1.06 0 0.06)
(1.06 0 0.07)
(1.06 0 0.08)
(1.06 0 0.09)
(1.07 0 0.01)
(1.07 0 0.02)
(1.07 0 0.03)
(1.07 0 0.04)
(1.07 0 0.05)
(1.07 0 0.06)
(1.07 0 0.07)
(1.07 0 0.08)
(1.07 0 0.09)
(1.08 0 0.01)
(1.08 0 0.02)
(1.08 0 0.03)
(1.08 0 0.04)
(1.08 0 0.05)
(1.08 0 0.06)
(1.08 0 0.07)
(1.08 0 0.08)
(1.08 0 0.09)
(1.09 0 0.01)
(1.09 0 0.02)
(1.09 0 0.03)
(1.09 0 0.04)
(1.09 0 0.05)
(1.09 0 0.06)
(1.09 0 0.07)
(1.09 0 0.08)
(1.09 0 0.09)
(1.1 0 0.01)
(1.1 0 0.02)
(1.1 0 0.03)
(1.1 0 0.04)
(1.1 0 0.05)
(1.1 0 0.06)
(1.1 0 0.07)
(1.1 0 0.08)
(1.1 0 0.09)
(1.11 0 0.01)
(1.11 0 0.02)
(1.11 0 0.03)
(1.11 0 0.04)
(1.11 0 0.05)
(1.11 0 0.06)
(1.11 0 0.07)
(1.11 0 0.08)
(1.11 0 0.09)
(1.12 0 0.01)
(1.12 0 0.02)
(1.12 0 0.03)
(1.12 0 0.04)
(1.12 0 0.05)
(1.12 0 0.06)
(1.12 0 0.07)
(1.12 0 0.08)
(1.12 0 0.09)
(1.13 0 0.01)
(1.13 0 0.02)
(1.13 0 0.03)
(1.13 0 0.04)
(1.13 0 0.05)
(1.13 0 0.06)
(1.13 0 0.07)
(1.13 0 0.08)
(1.13 0 0.09)
(1.14 0 0.01)
(1.14 0 0.02)
(1.14 0 0.03)
(1.14 0 0.04)
(1.14 0 0.05)
(1.14 0 0.06)
(1.14 0 0.07)
(1.14 0 0.08)
(1.14 0 0.09)
(1.15 0 0.01)
(1.15 0 0.02)
(1.15 0 0.03)
(1.15 0 0.04)
(1.15 0 0.05)
(1.15 0 0.06)
(1.15 0 0.07)
(1.15 0 0.08)
(1.15 0 0.09)
(1.16 0 0.01)
(1.16 0 0.02)
(1.16 0 0.03)
(1.16 0 0.04)
(1.16 0 0.05)
(1.16 0 0.06)
(1.16 0 0.07)
(1.16 0 0.08)
(1.16 0 0.09)
(1.17 0 0.01)
(1.17 0 0.02)
(1.17 0 0.03)
(1.17 0 0.04)
(1.17 0 0.05)
(1.17 0 0.06)
(1.17 0 0.07)
(1.17 0 0.08)
(1.17 0 0.09)
(1.18 0 0.01)
(1.18 0 0.02)
(1.18 0 0.03)
(1.18 0 0.04)
(1.18 0 0.05)
(1.18 0 0.06)
(1.18 0 0.07)
(1.18 0 0.08)
(1.18 0 0.09)
(1.19 0 0.01)
(1.19 0 0.02)
(1.19 0 0.03)
(1.19 0 0.04)
(1.19 0 0.05)
(1.19 0 0.06)
(1.19 0 0.07)
(1.19 0 0.08)
(1.19 0 0.09)
(1.2 0 0.01)
(1.2 0 0.02)
(1.2 0 0.03)
(1.2 0 0.04)
(1.2 0 0.05)
(1.2 0 0.06)
(1.2 0 0.07)
(1.2 0 0.08)
(1.2 0 0.09)
(1.21 0 0.01)
(1.21 0 0.02)
(1.21 0 0.03)
(1.21 0 0.04)
(1.21 0 0.05)
(1.21 0 0.06)
(1.21 0 0.07)
(1.21 0 0.08)
(1.21 0 0.09)
(1.22 0 0.01)
(1.22 0 0.02)
(1.22 0 0.03)
(1.22 0 0.04)
(1.22 0 0.05)
(1.22 0 0.06)
(1.22 0 0.07)
(1.22 0 0.08)
(1.22 0 0.09)
(1.23 0 0.01)
(1.23 0 0.02)
(1.23 0 0.03)
(1.23 0 0.04)
(1.23 0 0.05)
(1.23 0 0.06)
(1.23 0 0.07)
(1.23 0 0.08)
(1.23 0 0.09)
(1.24 0 0.01)
(1.24 0 0.02)
(1.24 0 0.03)
(1.24 0 0.04)
(1.24 0 0.05)
(1.24 0 0.06)
(1.24 0 0.07)
(1.24 0 0.08)
(1.24 0 0.09)
(1.25 0 0.01)
(1.25 0 0.02)
(1.25 0 0.03)
(1.25 0 0.04)
(1.25 0 0.05)
(1.25 0 0.06)
(1.25 0 0.07)
(1.25 0 0.08)
(1.25 0 0.09)
(1.26 0 0.01)
(1.26 0 0.02)
(1.26 0 0.03)
(1.26 0 0.04)
(1.26 0 0.05)
(1.26 0 0.06)
(1.26 0 0.07)
(1.26 0 0.08)
(1.26 0 0.09)
(1.27 0 0.01)
(1.27 0 0.02)
(1.27 0 0.03)
(1.27 0 0.04)
(1.27 0 0.05)
(1.27 0 0.06)
(1.27 0 0.07)
(1.27 0 0.08)
(1.27 0 0.09)
(1.28 0 0.01)
(1.28 0 0.02)
(1.28 0 0.03)
(1.28 0 0.04)
(1.28 0 0.05)
(1.28 0 0.06)
(1.28 0 0.07)
(1.28 0 0.08)
(1.28 0 0.09)
(1.29 0 0.01)
(1.29 0 0.02)
(1.29 0 0.03)
(1.29 0 0.04)
(1.29 0 0.05)
(1.29 0 0.06)
(1.29 0 0.07)
(1.29 0 0.08)
(1.29 0 0.09)
(1.3 0 0.01)
(1.3 0 0.02)
(1.3 0 0.03)
(1.3 0 0.04)
(1.3 0 0.05)
(1.3 0 0.06)
(1.3 0 0.07)
(1.3 0 0.08)
(1.3 0 0.09)
(1.31 0 0.01)
(1.31 0 0.02)
(1.31 0 0.03)
(1.31 0 0.04)
(1.31 0 0.05)
(1.31 0 0.06)
(1.31 0 0.07)
(1.31 0 0.08)
(1.31 0 0.09)
(1.32 0 0.01)
(1.32 0 0.02)
(1.32 0 0.03)
(1.32 0 0.04)
(1.32 0 0.05)
(1.32 0 0.06)
(1.32 0 0.07)
(1.32 0 0.08)
(1.32 0 0.09)
(1.33 0 0.01)
(1.33 0 0.02)
(1.33 0 0.03)
(1.33 0 0.04)
(1.33 0 0.05)
(1.33 0 0.06)
(1.33 0 0.07)
(1.33 0 0.08)
(1.33 0 0.09)
(1.34 0 0.01)
(1.34 0 0.02)
(1.34 0 0.03)
(1.34 0 0.04)
(1.34 0 0.05)
(1.34 0 0.06)
(1.34 0 0.07)
(1.34 0 0.08)
(1.34 0 0.09)
(1.35 0 0.01)
(1.35 0 0.02)
(1.35 0 0.03)
(1.35 0 0.04)
(1.35 0 0.05)
(1.35 0 0.06)
(1.35 0 0.07)
(1.35 0 0.08)
(1.35 0 0.09)
(1.36 0 0.01)
(1.36 0 0.02)
(1.36 0 0.03)
(1.36 0 0.04)
(1.36 0 0.05)
(1.36 0 0.06)
(1.36 0 0.07)
(1.36 0 0.08)
(1.36 0 0.09)
(1.37 0 0.01)
(1.37 0 0.02)
(1.37 0 0.03)
(1.37 0 0.04)
(1.37 0 0.05)
(1.37 0 0.06)
(1.37 0 0.07)
(1.37 0 0.08)
(1.37 0 0.09)
(1.38 0 0.01)
(1.38 0 0.02)
(1.38 0 0.03)
(1.38 0 0.04)
(1.38 0 0.05)
(1.38 0 0.06)
(1.38 0 0.07)
(1.38 0 0.08)
(1.38 0 0.09)
(1.39 0 0.01)
(1.39 0 0.02)
(1.39 0 0.03)
(1.39 0 0.04)
(1.39 0 0.05)
(1.39 0 0.06)
(1.39 0 0.07)
(1.39 0 0.08)
(1.39 0 0.09)
(1.4 0 0.01)
(1.4 0 0.02)
(1.4 0 0.03)
(1.4 0 0.04)
(1.4 0 0.05)
(1.4 0 0.06)
(1.4 0 0.07)
(1.4 0 0.08)
(1.4 0 0.09)
(1.41 0 0.01)
(1.41 0 0.02)
(1.41 0 0.03)
(1.41 0 0.04)
(1.41 0 0.05)
(1.41 0 0.06)
(1.41 0 0.07)
(1.41 0 0.08)
(1.41 0 0.09)
(1.42 0 0.01)
(1.42 0 0.02)
(1.42 0 0.03)
(1.42 0 0.04)
(1.42 0 0.05)
(1.42 0 0.06)
(1.42 0 0.07)
(1.42 0 0.08)
(1.42 0 0.09)
(1.43 0 0.01)
(1.43 0 0.02)
(1.43 0 0.03)
(1.43 0 0.04)
(1.43 0 0.05)
(1.43 0 0.06)
(1.43 0 0.07)
(1.43 0 0.08)
(1.43 0 0.09)
(1.44 0 0.01)
(1.44 0 0.02)
(1.44 0 0.03)
(1.44 0 0.04)
(1.44 0 0.05)
(1.44 0 0.06)
(1.44 0 0.07)
(1.44 0 0.08)
(1.44 0 0.09)
(1.45 0 0.01)
(1.45 0 0.02)
(1.45 0 0.03)
(1.45 0 0.04)
(1.45 0 0.05)
(1.45 0 0.06)
(1.45 0 0.07)
(1.45 0 0.08)
(1.45 0 0.09)
(1.46 0 0.01)
(1.46 0 0.02)
(1.46 0 0.03)
(1.46 0 0.04)
(1.46 0 0.05)
(1.46 0 0.06)
(1.46 0 0.07)
(1.46 0 0.08)
(1.46 0 0.09)
(1.47 0 0.01)
(1.47 0 0.02)
(1.47 0 0.03)
(1.47 0 0.04)
(1.47 0 0.05)
(1.47 0 0.06)
(1.47 0 0.07)
(1.47 0 0.08)
(1.47 0 0.09)
(1.48 0 0.01)
(1.48 0 0.02)
(1.48 0 0.03)
(1.48 0 0.04)
(1.48 0 0.05)
(1.48 0 0.06)
(1.48 0 0.07)
(1.48 0 0.08)
(1.48 0 0.09)
(1.49 0 0.01)
(1.49 0 0.02)
(1.49 0 0.03)
(1.49 0 0.04)
(1.49 0 0.05)
(1.49 0 0.06)
(1.49 0 0.07)
(1.49 0 0.08)
(1.49 0 0.09)
(1.5 0 0.01)
(1.5 0 0.02)
(1.5 0 0.03)
(1.5 0 0.04)
(1.5 0 0.05)
(1.5 0 0.06)
(1.5 0 0.07)
(1.5 0 0.08)
(1.5 0 0.09)
(1.51 0 0.01)
(1.51 0 0.02)
(1.51 0 0.03)
(1.51 0 0.04)
(1.51 0 0.05)
(1.51 0 0.06)
(1.51 0 0.07)
(1.51 0 0.08)
(1.51 0 0.09)
(1.52 0 0.01)
(1.52 0 0.02)
(1.52 0 0.03)
(1.52 0 0.04)
(1.52 0 0.05)
(1.52 0 0.06)
(1.52 0 0.07)
(1.52 0 0.08)
(1.52 0 0.09)
(1.53 0 0.01)
(1.53 0 0.02)
(1.53 0 0.03)
(1.53 0 0.04)
(1.53 0 0.05)
(1.53 0 0.06)
(1.53 0 0.07)
(1.53 0 0.08)
(1.53 0 0.09)
(1.54 0 0.01)
(1.54 0 0.02)
(1.54 0 0.03)
(1.54 0 0.04)
(1.54 0 0.05)
(1.54 0 0.06)
(1.54 0 0.07)
(1.54 0 0.08)
(1.54 0 0.09)
(1.55 0 0.01)
(1.55 0 0.02)
(1.55 0 0.03)
(1.55 0 0.04)
(1.55 0 0.05)
(1.55 0 0.06)
(1.55 0 0.07)
(1.55 0 0.08)
(1.55 0 0.09)
(1.56 0 0.01)
(1.56 0 0.02)
(1.56 0 0.03)
(1.56 0 0.04)
(1.56 0 0.05)
(1.56 0 0.06)
(1.56 0 0.07)
(1.56 0 0.08)
(1.56 0 0.09)
(1.57 0 0.01)
(1.57 0 0.02)
(1.57 0 0.03)
(1.57 0 0.04)
(1.57 0 0.05)
(1.57 0 0.06)
(1.57 0 0.07)
(1.57 0 0.08)
(1.57 0 0.09)
(1.58 0 0.01)
(1.58 0 0.02)
(1.58 0 0.03)
(1.58 0 0.04)
(1.58 0 0.05)
(1.58 0 0.06)
(1.58 0 0.07)
(1.58 0 0.08)
(1.58 0 0.09)
(1.59 0 0.01)
(1.59 0 0.02)
(1.59 0 0.03)
(1.59 0 0.04)
(1.59 0 0.05)
(1.59 0 0.06)
(1.59 0 0.07)
(1.59 0 0.08)
(1.59 0 0.09)
(1.6 0 0.01)
(1.6 0 0.02)
(1.6 0 0.03)
(1.6 0 0.04)
(1.6 0 0.05)
(1.6 0 0.06)
(1.6 0 0.07)
(1.6 0 0.08)
(1.6 0 0.09)
(1.61 0 0.01)
(1.61 0 0.02)
(1.61 0 0.03)
(1.61 0 0.04)
(1.61 0 0.05)
(1.61 0 0.06)
(1.61 0 0.07)
(1.61 0 0.08)
(1.61 0 0.09)
(1.62 0 0.01)
(1.62 0 0.02)
(1.62 0 0.03)
(1.62 0 0.04)
(1.62 0 0.05)
(1.62 0 0.06)
(1.62 0 0.07)
(1.62 0 0.08)
(1.62 0 0.09)
(1.63 0 0.01)
(1.63 0 0.02)
(1.63 0 0.03)
(1.63 0 0.04)
(1.63 0 0.05)
(1.63 0 0.06)
(1.63 0 0.07)
(1.63 0 0.08)
(1.63 0 0.09)
(1.64 0 0.01)
(1.64 0 0.02)
(1.64 0 0.03)
(1.64 0 0.04)
(1.64 0 0.05)
(1.64 0 0.06)
(1.64 0 0.07)
(1.64 0 0.08)
(1.64 0 0.09)
(1.65 0 0.01)
(1.65 0 0.02)
(1.65 0 0.03)
(1.65 0 0.04)
(1.65 0 0.05)
(1.65 0 0.06)
(1.65 0 0.07)
(1.65 0 0.08)
(1.65 0 0.09)
(1.66 0 0.01)
(1.66 0 0.02)
(1.66 0 0.03)
(1.66 0 0.04)
(1.66 0 0.05)
(1.66 0 0.06)
(1.66 0 0.07)
(1.66 0 0.08)
(1.66 0 0.09)
(1.67 0 0.01)
(1.67 0 0.02)
(1.67 0 0.03)
(1.67 0 0.04)
(1.67 0 0.05)
(1.67 0 0.06)
(1.67 0 0.07)
(1.67 0 0.08)
(1.67 0 0.09)
(1.68 0 0.01)
(1.68 0 0.02)
(1.68 0 0.03)
(1.68 0 0.04)
(1.68 0 0.05)
(1.68 0 0.06)
(1.68 0 0.07)
(1.68 0 0.08)
(1.68 0 0.09)
(1.69 0 0.01)
(1.69 0 0.02)
(1.69 0 0.03)
(1.69 0 0.04)
(1.69 0 0.05)
(1.69 0 0.06)
(1.69 0 0.07)
(1.69 0 0.08)
(1.69 0 0.09)
(1.7 0 0.01)
(1.7 0 0.02)
(1.7 0 0.03)
(1.7 0 0.04)
(1.7 0 0.05)
(1.7 0 0.06)
(1.7 0 0.07)
(1.7 0 0.08)
(1.7 0 0.09)
(1.71 0 0.01)
(1.71 0 0.02)
(1.71 0 0.03)
(1.71 0 0.04)
(1.71 0 0.05)
(1.71 0 0.06)
(1.71 0 0.07)
(1.71 0 0.08)
(1.71 0 0.09)
(1.72 0 0.01)
(1.72 0 0.02)
(1.72 0 0.03)
(1.72 0 0.04)
(1.72 0 0.05)
(1.72 0 0.06)
(1.72 0 0.07)
(1.72 0 0.08)
(1.72 0 0.09)
(1.73 0 0.01)
(1.73 0 0.02)
(1.73 0 0.03)
(1.73 0 0.04)
(1.73 0 0.05)
(1.73 0 0.06)
(1.73 0 0.07)
(1.73 0 0.08)
(1.73 0 0.09)
(1.74 0 0.01)
(1.74 0 0.02)
(1.74 0 0.03)
(1.74 0 0.04)
(1.74 0 0.05)
(1.74 0 0.06)
(1.74 0 0.07)
(1.74 0 0.08)
(1.74 0 0.09)
(1.75 0 0.01)
(1.75 0 0.02)
(1.75 0 0.03)
(1.75 0 0.04)
(1.75 0 0.05)
(1.75 0 0.06)
(1.75 0 0.07)
(1.75 0 0.08)
(1.75 0 0.09)
(1.76 0 0.01)
(1.76 0 0.02)
(1.76 0 0.03)
(1.76 0 0.04)
(1.76 0 0.05)
(1.76 0 0.06)
(1.76 0 0.07)
(1.76 0 0.08)
(1.76 0 0.09)
(1.77 0 0.01)
(1.77 0 0.02)
(1.77 0 0.03)
(1.77 0 0.04)
(1.77 0 0.05)
(1.77 0 0.06)
(1.77 0 0.07)
(1.77 0 0.08)
(1.77 0 0.09)
(1.78 0 0.01)
(1.78 0 0.02)
(1.78 0 0.03)
(1.78 0 0.04)
(1.78 0 0.05)
(1.78 0 0.06)
(1.78 0 0.07)
(1.78 0 0.08)
(1.78 0 0.09)
(1.79 0 0.01)
(1.79 0 0.02)
(1.79 0 0.03)
(1.79 0 0.04)
(1.79 0 0.05)
(1.79 0 0.06)
(1.79 0 0.07)
(1.79 0 0.08)
(1.79 0 0.09)
(1.8 0 0.01)
(1.8 0 0.02)
(1.8 0 0.03)
(1.8 0 0.04)
(1.8 0 0.05)
(1.8 0 0.06)
(1.8 0 0.07)
(1.8 0 0.08)
(1.8 0 0.09)
(1.81 0 0.01)
(1.81 0 0.02)
(1.81 0 0.03)
(1.81 0 0.04)
(1.81 0 0.05)
(1.81 0 0.06)
(1.81 0 0.07)
(1.81 0 0.08)
(1.81 0 0.09)
(1.82 0 0.01)
(1.82 0 0.02)
(1.82 0 0.03)
(1.82 0 0.04)
(1.82 0 0.05)
(1.82 0 0.06)
(1.82 0 0.07)
(1.82 0 0.08)
(1.82 0 0.09)
(1.83 0 0.01)
(1.83 0 0.02)
(1.83 0 0.03)
(1.83 0 0.04)
(1.83 0 0.05)
(1.83 0 0.06)
(1.83 0 0.07)
(1.83 0 0.08)
(1.83 0 0.09)
(1.84 0 0.01)
(1.84 0 0.02)
(1.84 0 0.03)
(1.84 0 0.04)
(1.84 0 0.05)
(1.84 0 0.06)
(1.84 0 0.07)
(1.84 0 0.08)
(1.84 0 0.09)
(1.85 0 0.01)
(1.85 0 0.02)
(1.85 0 0.03)
(1.85 0 0.04)
(1.85 0 0.05)
(1.85 0 0.06)
(1.85 0 0.07)
(1.85 0 0.08)
(1.85 0 0.09)
(1.86 0 0.01)
(1.86 0 0.02)
(1.86 0 0.03)
(1.86 0 0.04)
(1.86 0 0.05)
(1.86 0 0.06)
(1.86 0 0.07)
(1.86 0 0.08)
(1.86 0 0.09)
(1.87 0 0.01)
(1.87 0 0.02)
(1.87 0 0.03)
(1.87 0 0.04)
(1.87 0 0.05)
(1.87 0 0.06)
(1.87 0 0.07)
(1.87 0 0.08)
(1.87 0 0.09)
(1.88 0 0.01)
(1.88 0 0.02)
(1.88 0 0.03)
(1.88 0 0.04)
(1.88 0 0.05)
(1.88 0 0.06)
(1.88 0 0.07)
(1.88 0 0.08)
(1.88 0 0.09)
(1.89 0 0.01)
(1.89 0 0.02)
(1.89 0 0.03)
(1.89 0 0.04)
(1.89 0 0.05)
(1.89 0 0.06)
(1.89 0 0.07)
(1.89 0 0.08)
(1.89 0 0.09)
(1.9 0 0.01)
(1.9 0 0.02)
(1.9 0 0.03)
(1.9 0 0.04)
(1.9 0 0.05)
(1.9 0 0.06)
(1.9 0 0.07)
(1.9 0 0.08)
(1.9 0 0.09)
(1.91 0 0.01)
(1.91 0 0.02)
(1.91 0 0.03)
(1.91 0 0.04)
(1.91 0 0.05)
(1.91 0 0.06)
(1.91 0 0.07)
(1.91 0 0.08)
(1.91 0 0.09)
(1.92 0 0.01)
(1.92 0 0.02)
(1.92 0 0.03)
(1.92 0 0.04)
(1.92 0 0.05)
(1.92 0 0.06)
(1.92 0 0.07)
(1.92 0 0.08)
(1.92 0 0.09)
(1.93 0 0.01)
(1.93 0 0.02)
(1.93 0 0.03)
(1.93 0 0.04)
(1.93 0 0.05)
(1.93 0 0.06)
(1.93 0 0.07)
(1.93 0 0.08)
(1.93 0 0.09)
(1.94 0 0.01)
(1.94 0 0.02)
(1.94 0 0.03)
(1.94 0 0.04)
(1.94 0 0.05)
(1.94 0 0.06)
(1.94 0 0.07)
(1.94 0 0.08)
(1.94 0 0.09)
(1.95 0 0.01)
(1.95 0 0.02)
(1.95 0 0.03)
(1.95 0 0.04)
(1.95 0 0.05)
(1.95 0 0.06)
(1.95 0 0.07)
(1.95 0 0.08)
(1.95 0 0.09)
(1.96 0 0.01)
(1.96 0 0.02)
(1.96 0 0.03)
(1.96 0 0.04)
(1.96 0 0.05)
(1.96 0 0.06)
(1.96 0 0.07)
(1.96 0 0.08)
(1.96 0 0.09)
(1.97 0 0.01)
(1.97 0 0.02)
(1.97 0 0.03)
(1.97 0 0.04)
(1.97 0 0.05)
(1.97 0 0.06)
(1.97 0 0.07)
(1.97 0 0.08)
(1.97 0 0.09)
(1.98 0 0.01)
(1.98 0 0.02)
(1.98 0 0.03)
(1.98 0 0.04)
(1.98 0 0.05)
(1.98 0 0.06)
(1.98 0 0.07)
(1.98 0 0.08)
(1.98 0 0.09)
(1.99 0 0.01)
(1.99 0 0.02)
(1.99 0 0.03)
(1.99 0 0.04)
(1.99 0 0.05)
(1.99 0 0.06)
(1.99 0 0.07)
(1.99 0 0.08)
(1.99 0 0.09)
(0.01 0.01 0.01)
(0.01 0.01 0.02)
(0.01 0.01 0.03)
(0.01 0.01 0.04)
(0.01 0.01 0.05)
(0.01 0.01 0.06)
(0.01 0.01 0.07)
(0.01 0.01 0.08)
(0.01 0.01 0.09)
(0.02 0.01 0.01)
(0.02 0.01 0.02)
(0.02 0.01 0.03)
(0.02 0.01 0.04)
(0.02 0.01 0.05)
(0.02 0.01 0.06)
(0.02 0.01 0.07)
(0.02 0.01 0.08)
(0.02 0.01 0.09)
(0.03 0.01 0.01)
(0.03 0.01 0.02)
(0.03 0.01 0.03)
(0.03 0.01 0.04)
(0.03 0.01 0.05)
(0.03 0.01 0.06)
(0.03 0.01 0.07)
(0.03 0.01 0.08)
(0.03 0.01 0.09)
(0.04 0.01 0.01)
(0.04 0.01 0.02)
(0.04 0.01 0.03)
(0.04 0.01 0.04)
(0.04 0.01 0.05)
(0.04 0.01 0.06)
(0.04 0.01 0.07)
(0.04 0.01 0.08)
(0.04 0.01 0.09)
(0.05 0.01 0.01)
(0.05 0.01 0.02)
(0.05 0.01 0.03)
(0.05 0.01 0.04)
(0.05 0.01 0.05)
(0.05 0.01 0.06)
(0.05 0.01 0.07)
(0.05 0.01 0.08)
(0.05 0.01 0.09)
(0.06 0.01 0.01)
(0.06 0.01 0.02)
(0.06 0.01 0.03)
(0.06 0.01 0.04)
(0.06 0.01 0.05)
(0.06 0.01 0.06)
(0.06 0.01 0.07)
(0.06 0.01 0.08)
(0.06 0.01 0.09)
(0.07 0.01 0.01)
(0.07 0.01 0.02)
(0.07 0.01 0.03)
(0.07 0.01 0.04)
(0.07 0.01 0.05)
(0.07 0.01 0.06)
(0.07 0.01 0.07)
(0.07 0.01 0.08)
(0.07 0.01 0.09)
(0.08 0.01 0.01)
(0.08 0.01 0.02)
(0.08 0.01 0.03)
(0.08 0.01 0.04)
(0.08 0.01 0.05)
(0.08 0.01 0.06)
(0.08 0.01 0.07)
(0.08 0.01 0.08)
(0.08 0.01 0.09)
(0.09 0.01 0.01)
(0.09 0.01 0.02)
(0.09 0.01 0.03)
(0.09 0.01 0.04)
(0.09 0.01 0.05)
(0.09 0.01 0.06)
(0.09 0.01 0.07)
(0.09 0.01 0.08)
(0.09 0.01 0.09)
(0.1 0.01 0.01)
(0.1 0.01 0.02)
(0.1 0.01 0.03)
(0.1 0.01 0.04)
(0.1 0.01 0.05)
(0.1 0.01 0.06)
(0.1 0.01 0.07)
(0.1 0.01 0.08)
(0.1 0.01 0.09)
(0.11 0.01 0.01)
(0.11 0.01 0.02)
(0.11 0.01 0.03)
(0.11 0.01 0.04)
(0.11 0.01 0.05)
(0.11 0.01 0.06)
(0.11 0.01 0.07)
(0.11 0.01 0.08)
(0.11 0.01 0.09)
(0.12 0.01 0.01)
(0.12 0.01 0.02)
(0.12 0.01 0.03)
(0.12 0.01 0.04)
(0.12 0.01 0.05)
(0.12 0.01 0.06)
(0.12 0.01 0.07)
(0.12 0.01 0.08)
(0.12 0.01 0.09)
(0.13 0.01 0.01)
(0.13 0.01 0.02)
(0.13 0.01 0.03)
(0.13 0.01 0.04)
(0.13 0.01 0.05)
(0.13 0.01 0.06)
(0.13 0.01 0.07)
(0.13 0.01 0.08)
(0.13 0.01 0.09)
(0.14 0.01 0.01)
(0.14 0.01 0.02)
(0.14 0.01 0.03)
(0.14 0.01 0.04)
(0.14 0.01 0.05)
(0.14 0.01 0.06)
(0.14 0.01 0.07)
(0.14 0.01 0.08)
(0.14 0.01 0.09)
(0.15 0.01 0.01)
(0.15 0.01 0.02)
(0.15 0.01 0.03)
(0.15 0.01 0.04)
(0.15 0.01 0.05)
(0.15 0.01 0.06)
(0.15 0.01 0.07)
(0.15 0.01 0.08)
(0.15 0.01 0.09)
(0.16 0.01 0.01)
(0.16 0.01 0.02)
(0.16 0.01 0.03)
(0.16 0.01 0.04)
(0.16 0.01 0.05)
(0.16 0.01 0.06)
(0.16 0.01 0.07)
(0.16 0.01 0.08)
(0.16 0.01 0.09)
(0.17 0.01 0.01)
(0.17 0.01 0.02)
(0.17 0.01 0.03)
(0.17 0.01 0.04)
(0.17 0.01 0.05)
(0.17 0.01 0.06)
(0.17 0.01 0.07)
(0.17 0.01 0.08)
(0.17 0.01 0.09)
(0.18 0.01 0.01)
(0.18 0.01 0.02)
(0.18 0.01 0.03)
(0.18 0.01 0.04)
(0.18 0.01 0.05)
(0.18 0.01 0.06)
(0.18 0.01 0.07)
(0.18 0.01 0.08)
(0.18 0.01 0.09)
(0.19 0.01 0.01)
(0.19 0.01 0.02)
(0.19 0.01 0.03)
(0.19 0.01 0.04)
(0.19 0.01 0.05)
(0.19 0.01 0.06)
(0.19 0.01 0.07)
(0.19 0.01 0.08)
(0.19 0.01 0.09)
(0.2 0.01 0.01)
(0.2 0.01 0.02)
(0.2 0.01 0.03)
(0.2 0.01 0.04)
(0.2 0.01 0.05)
(0.2 0.01 0.06)
(0.2 0.01 0.07)
(0.2 0.01 0.08)
(0.2 0.01 0.09)
(0.21 0.01 0.01)
(0.21 0.01 0.02)
(0.21 0.01 0.03)
(0.21 0.01 0.04)
(0.21 0.01 0.05)
(0.21 0.01 0.06)
(0.21 0.01 0.07)
(0.21 0.01 0.08)
(0.21 0.01 0.09)
(0.22 0.01 0.01)
(0.22 0.01 0.02)
(0.22 0.01 0.03)
(0.22 0.01 0.04)
(0.22 0.01 0.05)
(0.22 0.01 0.06)
(0.22 0.01 0.07)
(0.22 0.01 0.08)
(0.22 0.01 0.09)
(0.23 0.01 0.01)
(0.23 0.01 0.02)
(0.23 0.01 0.03)
(0.23 0.01 0.04)
(0.23 0.01 0.05)
(0.23 0.01 0.06)
(0.23 0.01 0.07)
(0.23 0.01 0.08)
(0.23 0.01 0.09)
(0.24 0.01 0.01)
(0.24 0.01 0.02)
(0.24 0.01 0.03)
(0.24 0.01 0.04)
(0.24 0.01 0.05)
(0.24 0.01 0.06)
(0.24 0.01 0.07)
(0.24 0.01 0.08)
(0.24 0.01 0.09)
(0.25 0.01 0.01)
(0.25 0.01 0.02)
(0.25 0.01 0.03)
(0.25 0.01 0.04)
(0.25 0.01 0.05)
(0.25 0.01 0.06)
(0.25 0.01 0.07)
(0.25 0.01 0.08)
(0.25 0.01 0.09)
(0.26 0.01 0.01)
(0.26 0.01 0.02)
(0.26 0.01 0.03)
(0.26 0.01 0.04)
(0.26 0.01 0.05)
(0.26 0.01 0.06)
(0.26 0.01 0.07)
(0.26 0.01 0.08)
(0.26 0.01 0.09)
(0.27 0.01 0.01)
(0.27 0.01 0.02)
(0.27 0.01 0.03)
(0.27 0.01 0.04)
(0.27 0.01 0.05)
(0.27 0.01 0.06)
(0.27 0.01 0.07)
(0.27 0.01 0.08)
(0.27 0.01 0.09)
(0.28 0.01 0.01)
(0.28 0.01 0.02)
(0.28 0.01 0.03)
(0.28 0.01 0.04)
(0.28 0.01 0.05)
(0.28 0.01 0.06)
(0.28 0.01 0.07)
(0.28 0.01 0.08)
(0.28 0.01 0.09)
(0.29 0.01 0.01)
(0.29 0.01 0.02)
(0.29 0.01 0.03)
(0.29 0.01 0.04)
(0.29 0.01 0.05)
(0.29 0.01 0.06)
(0.29 0.01 0.07)
(0.29 0.01 0.08)
(0.29 0.01 0.09)
(0.3 0.01 0.01)
(0.3 0.01 0.02)
(0.3 0.01 0.03)
(0.3 0.01 0.04)
(0.3 0.01 0.05)
(0.3 0.01 0.06)
(0.3 0.01 0.07)
(0.3 0.01 0.08)
(0.3 0.01 0.09)
(0.31 0.01 0.01)
(0.31 0.01 0.02)
(0.31 0.01 0.03)
(0.31 0.01 0.04)
(0.31 0.01 0.05)
(0.31 0.01 0.06)
(0.31 0.01 0.07)
(0.31 0.01 0.08)
(0.31 0.01 0.09)
(0.32 0.01 0.01)
(0.32 0.01 0.02)
(0.32 0.01 0.03)
(0.32 0.01 0.04)
(0.32 0.01 0.05)
(0.32 0.01 0.06)
(0.32 0.01 0.07)
(0.32 0.01 0.08)
(0.32 0.01 0.09)
(0.33 0.01 0.01)
(0.33 0.01 0.02)
(0.33 0.01 0.03)
(0.33 0.01 0.04)
(0.33 0.01 0.05)
(0.33 0.01 0.06)
(0.33 0.01 0.07)
(0.33 0.01 0.08)
(0.33 0.01 0.09)
(0.34 0.01 0.01)
(0.34 0.01 0.02)
(0.34 0.01 0.03)
(0.34 0.01 0.04)
(0.34 0.01 0.05)
(0.34 0.01 0.06)
(0.34 0.01 0.07)
(0.34 0.01 0.08)
(0.34 0.01 0.09)
(0.35 0.01 0.01)
(0.35 0.01 0.02)
(0.35 0.01 0.03)
(0.35 0.01 0.04)
(0.35 0.01 0.05)
(0.35 0.01 0.06)
(0.35 0.01 0.07)
(0.35 0.01 0.08)
(0.35 0.01 0.09)
(0.36 0.01 0.01)
(0.36 0.01 0.02)
(0.36 0.01 0.03)
(0.36 0.01 0.04)
(0.36 0.01 0.05)
(0.36 0.01 0.06)
(0.36 0.01 0.07)
(0.36 0.01 0.08)
(0.36 0.01 0.09)
(0.37 0.01 0.01)
(0.37 0.01 0.02)
(0.37 0.01 0.03)
(0.37 0.01 0.04)
(0.37 0.01 0.05)
(0.37 0.01 0.06)
(0.37 0.01 0.07)
(0.37 0.01 0.08)
(0.37 0.01 0.09)
(0.38 0.01 0.01)
(0.38 0.01 0.02)
(0.38 0.01 0.03)
(0.38 0.01 0.04)
(0.38 0.01 0.05)
(0.38 0.01 0.06)
(0.38 0.01 0.07)
(0.38 0.01 0.08)
(0.38 0.01 0.09)
(0.39 0.01 0.01)
(0.39 0.01 0.02)
(0.39 0.01 0.03)
(0.39 0.01 0.04)
(0.39 0.01 0.05)
(0.39 0.01 0.06)
(0.39 0.01 0.07)
(0.39 0.01 0.08)
(0.39 0.01 0.09)
(0.4 0.01 0.01)
(0.4 0.01 0.02)
(0.4 0.01 0.03)
(0.4 0.01 0.04)
(0.4 0.01 0.05)
(0.4 0.01 0.06)
(0.4 0.01 0.07)
(0.4 0.01 0.08)
(0.4 0.01 0.09)
(0.41 0.01 0.01)
(0.41 0.01 0.02)
(0.41 0.01 0.03)
(0.41 0.01 0.04)
(0.41 0.01 0.05)
(0.41 0.01 0.06)
(0.41 0.01 0.07)
(0.41 0.01 0.08)
(0.41 0.01 0.09)
(0.42 0.01 0.01)
(0.42 0.01 0.02)
(0.42 0.01 0.03)
(0.42 0.01 0.04)
(0.42 0.01 0.05)
(0.42 0.01 0.06)
(0.42 0.01 0.07)
(0.42 0.01 0.08)
(0.42 0.01 0.09)
(0.43 0.01 0.01)
(0.43 0.01 0.02)
(0.43 0.01 0.03)
(0.43 0.01 0.04)
(0.43 0.01 0.05)
(0.43 0.01 0.06)
(0.43 0.01 0.07)
(0.43 0.01 0.08)
(0.43 0.01 0.09)
(0.44 0.01 0.01)
(0.44 0.01 0.02)
(0.44 0.01 0.03)
(0.44 0.01 0.04)
(0.44 0.01 0.05)
(0.44 0.01 0.06)
(0.44 0.01 0.07)
(0.44 0.01 0.08)
(0.44 0.01 0.09)
(0.45 0.01 0.01)
(0.45 0.01 0.02)
(0.45 0.01 0.03)
(0.45 0.01 0.04)
(0.45 0.01 0.05)
(0.45 0.01 0.06)
(0.45 0.01 0.07)
(0.45 0.01 0.08)
(0.45 0.01 0.09)
(0.46 0.01 0.01)
(0.46 0.01 0.02)
(0.46 0.01 0.03)
(0.46 0.01 0.04)
(0.46 0.01 0.05)
(0.46 0.01 0.06)
(0.46 0.01 0.07)
(0.46 0.01 0.08)
(0.46 0.01 0.09)
(0.47 0.01 0.01)
(0.47 0.01 0.02)
(0.47 0.01 0.03)
(0.47 0.01 0.04)
(0.47 0.01 0.05)
(0.47 0.01 0.06)
(0.47 0.01 0.07)
(0.47 0.01 0.08)
(0.47 0.01 0.09)
(0.48 0.01 0.01)
(0.48 0.01 0.02)
(0.48 0.01 0.03)
(0.48 0.01 0.04)
(0.48 0.01 0.05)
(0.48 0.01 0.06)
(0.48 0.01 0.07)
(0.48 0.01 0.08)
(0.48 0.01 0.09)
(0.49 0.01 0.01)
(0.49 0.01 0.02)
(0.49 0.01 0.03)
(0.49 0.01 0.04)
(0.49 0.01 0.05)
(0.49 0.01 0.06)
(0.49 0.01 0.07)
(0.49 0.01 0.08)
(0.49 0.01 0.09)
(0.5 0.01 0.01)
(0.5 0.01 0.02)
(0.5 0.01 0.03)
(0.5 0.01 0.04)
(0.5 0.01 0.05)
(0.5 0.01 0.06)
(0.5 0.01 0.07)
(0.5 0.01 0.08)
(0.5 0.01 0.09)
(0.51 0.01 0.01)
(0.51 0.01 0.02)
(0.51 0.01 0.03)
(0.51 0.01 0.04)
(0.51 0.01 0.05)
(0.51 0.01 0.06)
(0.51 0.01 0.07)
(0.51 0.01 0.08)
(0.51 0.01 0.09)
(0.52 0.01 0.01)
(0.52 0.01 0.02)
(0.52 0.01 0.03)
(0.52 0.01 0.04)
(0.52 0.01 0.05)
(0.52 0.01 0.06)
(0.52 0.01 0.07)
(0.52 0.01 0.08)
(0.52 0.01 0.09)
(0.53 0.01 0.01)
(0.53 0.01 0.02)
(0.53 0.01 0.03)
(0.53 0.01 0.04)
(0.53 0.01 0.05)
(0.53 0.01 0.06)
(0.53 0.01 0.07)
(0.53 0.01 0.08)
(0.53 0.01 0.09)
(0.54 0.01 0.01)
(0.54 0.01 0.02)
(0.54 0.01 0.03)
(0.54 0.01 0.04)
(0.54 0.01 0.05)
(0.54 0.01 0.06)
(0.54 0.01 0.07)
(0.54 0.01 0.08)
(0.54 0.01 0.09)
(0.55 0.01 0.01)
(0.55 0.01 0.02)
(0.55 0.01 0.03)
(0.55 0.01 0.04)
(0.55 0.01 0.05)
(0.55 0.01 0.06)
(0.55 0.01 0.07)
(0.55 0.01 0.08)
(0.55 0.01 0.09)
(0.56 0.01 0.01)
(0.56 0.01 0.02)
(0.56 0.01 0.03)
(0.56 0.01 0.04)
(0.56 0.01 0.05)
(0.56 0.01 0.06)
(0.56 0.01 0.07)
(0.56 0.01 0.08)
(0.56 0.01 0.09)
(0.57 0.01 0.01)
(0.57 0.01 0.02)
(0.57 0.01 0.03)
(0.57 0.01 0.04)
(0.57 0.01 0.05)
(0.57 0.01 0.06)
(0.57 0.01 0.07)
(0.57 0.01 0.08)
(0.57 0.01 0.09)
(0.58 0.01 0.01)
(0.58 0.01 0.02)
(0.58 0.01 0.03)
(0.58 0.01 0.04)
(0.58 0.01 0.05)
(0.58 0.01 0.06)
(0.58 0.01 0.07)
(0.58 0.01 0.08)
(0.58 0.01 0.09)
(0.59 0.01 0.01)
(0.59 0.01 0.02)
(0.59 0.01 0.03)
(0.59 0.01 0.04)
(0.59 0.01 0.05)
(0.59 0.01 0.06)
(0.59 0.01 0.07)
(0.59 0.01 0.08)
(0.59 0.01 0.09)
(0.6 0.01 0.01)
(0.6 0.01 0.02)
(0.6 0.01 0.03)
(0.6 0.01 0.04)
(0.6 0.01 0.05)
(0.6 0.01 0.06)
(0.6 0.01 0.07)
(0.6 0.01 0.08)
(0.6 0.01 0.09)
(0.61 0.01 0.01)
(0.61 0.01 0.02)
(0.61 0.01 0.03)
(0.61 0.01 0.04)
(0.61 0.01 0.05)
(0.61 0.01 0.06)
(0.61 0.01 0.07)
(0.61 0.01 0.08)
(0.61 0.01 0.09)
(0.62 0.01 0.01)
(0.62 0.01 0.02)
(0.62 0.01 0.03)
(0.62 0.01 0.04)
(0.62 0.01 0.05)
(0.62 0.01 0.06)
(0.62 0.01 0.07)
(0.62 0.01 0.08)
(0.62 0.01 0.09)
(0.63 0.01 0.01)
(0.63 0.01 0.02)
(0.63 0.01 0.03)
(0.63 0.01 0.04)
(0.63 0.01 0.05)
(0.63 0.01 0.06)
(0.63 0.01 0.07)
(0.63 0.01 0.08)
(0.63 0.01 0.09)
(0.64 0.01 0.01)
(0.64 0.01 0.02)
(0.64 0.01 0.03)
(0.64 0.01 0.04)
(0.64 0.01 0.05)
(0.64 0.01 0.06)
(0.64 0.01 0.07)
(0.64 0.01 0.08)
(0.64 0.01 0.09)
(0.65 0.01 0.01)
(0.65 0.01 0.02)
(0.65 0.01 0.03)
(0.65 0.01 0.04)
(0.65 0.01 0.05)
(0.65 0.01 0.06)
(0.65 0.01 0.07)
(0.65 0.01 0.08)
(0.65 0.01 0.09)
(0.66 0.01 0.01)
(0.66 0.01 0.02)
(0.66 0.01 0.03)
(0.66 0.01 0.04)
(0.66 0.01 0.05)
(0.66 0.01 0.06)
(0.66 0.01 0.07)
(0.66 0.01 0.08)
(0.66 0.01 0.09)
(0.67 0.01 0.01)
(0.67 0.01 0.02)
(0.67 0.01 0.03)
(0.67 0.01 0.04)
(0.67 0.01 0.05)
(0.67 0.01 0.06)
(0.67 0.01 0.07)
(0.67 0.01 0.08)
(0.67 0.01 0.09)
(0.68 0.01 0.01)
(0.68 0.01 0.02)
(0.68 0.01 0.03)
(0.68 0.01 0.04)
(0.68 0.01 0.05)
(0.68 0.01 0.06)
(0.68 0.01 0.07)
(0.68 0.01 0.08)
(0.68 0.01 0.09)
(0.69 0.01 0.01)
(0.69 0.01 0.02)
(0.69 0.01 0.03)
(0.69 0.01 0.04)
(0.69 0.01 0.05)
(0.69 0.01 0.06)
(0.69 0.01 0.07)
(0.69 0.01 0.08)
(0.69 0.01 0.09)
(0.7 0.01 0.01)
(0.7 0.01 0.02)
(0.7 0.01 0.03)
(0.7 0.01 0.04)
(0.7 0.01 0.05)
(0.7 0.01 0.06)
(0.7 0.01 0.07)
(0.7 0.01 0.08)
(0.7 0.01 0.09)
(0.71 0.01 0.01)
(0.71 0.01 0.02)
(0.71 0.01 0.03)
(0.71 0.01 0.04)
(0.71 0.01 0.05)
(0.71 0.01 0.06)
(0.71 0.01 0.07)
(0.71 0.01 0.08)
(0.71 0.01 0.09)
(0.72 0.01 0.01)
(0.72 0.01 0.02)
(0.72 0.01 0.03)
(0.72 0.01 0.04)
(0.72 0.01 0.05)
(0.72 0.01 0.06)
(0.72 0.01 0.07)
(0.72 0.01 0.08)
(0.72 0.01 0.09)
(0.73 0.01 0.01)
(0.73 0.01 0.02)
(0.73 0.01 0.03)
(0.73 0.01 0.04)
(0.73 0.01 0.05)
(0.73 0.01 0.06)
(0.73 0.01 0.07)
(0.73 0.01 0.08)
(0.73 0.01 0.09)
(0.74 0.01 0.01)
(0.74 0.01 0.02)
(0.74 0.01 0.03)
(0.74 0.01 0.04)
(0.74 0.01 0.05)
(0.74 0.01 0.06)
(0.74 0.01 0.07)
(0.74 0.01 0.08)
(0.74 0.01 0.09)
(0.75 0.01 0.01)
(0.75 0.01 0.02)
(0.75 0.01 0.03)
(0.75 0.01 0.04)
(0.75 0.01 0.05)
(0.75 0.01 0.06)
(0.75 0.01 0.07)
(0.75 0.01 0.08)
(0.75 0.01 0.09)
(0.76 0.01 0.01)
(0.76 0.01 0.02)
(0.76 0.01 0.03)
(0.76 0.01 0.04)
(0.76 0.01 0.05)
(0.76 0.01 0.06)
(0.76 0.01 0.07)
(0.76 0.01 0.08)
(0.76 0.01 0.09)
(0.77 0.01 0.01)
(0.77 0.01 0.02)
(0.77 0.01 0.03)
(0.77 0.01 0.04)
(0.77 0.01 0.05)
(0.77 0.01 0.06)
(0.77 0.01 0.07)
(0.77 0.01 0.08)
(0.77 0.01 0.09)
(0.78 0.01 0.01)
(0.78 0.01 0.02)
(0.78 0.01 0.03)
(0.78 0.01 0.04)
(0.78 0.01 0.05)
(0.78 0.01 0.06)
(0.78 0.01 0.07)
(0.78 0.01 0.08)
(0.78 0.01 0.09)
(0.79 0.01 0.01)
(0.79 0.01 0.02)
(0.79 0.01 0.03)
(0.79 0.01 0.04)
(0.79 0.01 0.05)
(0.79 0.01 0.06)
(0.79 0.01 0.07)
(0.79 0.01 0.08)
(0.79 0.01 0.09)
(0.8 0.01 0.01)
(0.8 0.01 0.02)
(0.8 0.01 0.03)
(0.8 0.01 0.04)
(0.8 0.01 0.05)
(0.8 0.01 0.06)
(0.8 0.01 0.07)
(0.8 0.01 0.08)
(0.8 0.01 0.09)
(0.81 0.01 0.01)
(0.81 0.01 0.02)
(0.81 0.01 0.03)
(0.81 0.01 0.04)
(0.81 0.01 0.05)
(0.81 0.01 0.06)
(0.81 0.01 0.07)
(0.81 0.01 0.08)
(0.81 0.01 0.09)
(0.82 0.01 0.01)
(0.82 0.01 0.02)
(0.82 0.01 0.03)
(0.82 0.01 0.04)
(0.82 0.01 0.05)
(0.82 0.01 0.06)
(0.82 0.01 0.07)
(0.82 0.01 0.08)
(0.82 0.01 0.09)
(0.83 0.01 0.01)
(0.83 0.01 0.02)
(0.83 0.01 0.03)
(0.83 0.01 0.04)
(0.83 0.01 0.05)
(0.83 0.01 0.06)
(0.83 0.01 0.07)
(0.83 0.01 0.08)
(0.83 0.01 0.09)
(0.84 0.01 0.01)
(0.84 0.01 0.02)
(0.84 0.01 0.03)
(0.84 0.01 0.04)
(0.84 0.01 0.05)
(0.84 0.01 0.06)
(0.84 0.01 0.07)
(0.84 0.01 0.08)
(0.84 0.01 0.09)
(0.85 0.01 0.01)
(0.85 0.01 0.02)
(0.85 0.01 0.03)
(0.85 0.01 0.04)
(0.85 0.01 0.05)
(0.85 0.01 0.06)
(0.85 0.01 0.07)
(0.85 0.01 0.08)
(0.85 0.01 0.09)
(0.86 0.01 0.01)
(0.86 0.01 0.02)
(0.86 0.01 0.03)
(0.86 0.01 0.04)
(0.86 0.01 0.05)
(0.86 0.01 0.06)
(0.86 0.01 0.07)
(0.86 0.01 0.08)
(0.86 0.01 0.09)
(0.87 0.01 0.01)
(0.87 0.01 0.02)
(0.87 0.01 0.03)
(0.87 0.01 0.04)
(0.87 0.01 0.05)
(0.87 0.01 0.06)
(0.87 0.01 0.07)
(0.87 0.01 0.08)
(0.87 0.01 0.09)
(0.88 0.01 0.01)
(0.88 0.01 0.02)
(0.88 0.01 0.03)
(0.88 0.01 0.04)
(0.88 0.01 0.05)
(0.88 0.01 0.06)
(0.88 0.01 0.07)
(0.88 0.01 0.08)
(0.88 0.01 0.09)
(0.89 0.01 0.01)
(0.89 0.01 0.02)
(0.89 0.01 0.03)
(0.89 0.01 0.04)
(0.89 0.01 0.05)
(0.89 0.01 0.06)
(0.89 0.01 0.07)
(0.89 0.01 0.08)
(0.89 0.01 0.09)
(0.9 0.01 0.01)
(0.9 0.01 0.02)
(0.9 0.01 0.03)
(0.9 0.01 0.04)
(0.9 0.01 0.05)
(0.9 0.01 0.06)
(0.9 0.01 0.07)
(0.9 0.01 0.08)
(0.9 0.01 0.09)
(0.91 0.01 0.01)
(0.91 0.01 0.02)
(0.91 0.01 0.03)
(0.91 0.01 0.04)
(0.91 0.01 0.05)
(0.91 0.01 0.06)
(0.91 0.01 0.07)
(0.91 0.01 0.08)
(0.91 0.01 0.09)
(0.92 0.01 0.01)
(0.92 0.01 0.02)
(0.92 0.01 0.03)
(0.92 0.01 0.04)
(0.92 0.01 0.05)
(0.92 0.01 0.06)
(0.92 0.01 0.07)
(0.92 0.01 0.08)
(0.92 0.01 0.09)
(0.93 0.01 0.01)
(0.93 0.01 0.02)
(0.93 0.01 0.03)
(0.93 0.01 0.04)
(0.93 0.01 0.05)
(0.93 0.01 0.06)
(0.93 0.01 0.07)
(0.93 0.01 0.08)
(0.93 0.01 0.09)
(0.94 0.01 0.01)
(0.94 0.01 0.02)
(0.94 0.01 0.03)
(0.94 0.01 0.04)
(0.94 0.01 0.05)
(0.94 0.01 0.06)
(0.94 0.01 0.07)
(0.94 0.01 0.08)
(0.94 0.01 0.09)
(0.95 0.01 0.01)
(0.95 0.01 0.02)
(0.95 0.01 0.03)
(0.95 0.01 0.04)
(0.95 0.01 0.05)
(0.95 0.01 0.06)
(0.95 0.01 0.07)
(0.95 0.01 0.08)
(0.95 0.01 0.09)
(0.96 0.01 0.01)
(0.96 0.01 0.02)
(0.96 0.01 0.03)
(0.96 0.01 0.04)
(0.96 0.01 0.05)
(0.96 0.01 0.06)
(0.96 0.01 0.07)
(0.96 0.01 0.08)
(0.96 0.01 0.09)
(0.97 0.01 0.01)
(0.97 0.01 0.02)
(0.97 0.01 0.03)
(0.97 0.01 0.04)
(0.97 0.01 0.05)
(0.97 0.01 0.06)
(0.97 0.01 0.07)
(0.97 0.01 0.08)
(0.97 0.01 0.09)
(0.98 0.01 0.01)
(0.98 0.01 0.02)
(0.98 0.01 0.03)
(0.98 0.01 0.04)
(0.98 0.01 0.05)
(0.98 0.01 0.06)
(0.98 0.01 0.07)
(0.98 0.01 0.08)
(0.98 0.01 0.09)
(0.99 0.01 0.01)
(0.99 0.01 0.02)
(0.99 0.01 0.03)
(0.99 0.01 0.04)
(0.99 0.01 0.05)
(0.99 0.01 0.06)
(0.99 0.01 0.07)
(0.99 0.01 0.08)
(0.99 0.01 0.09)
(1 0.01 0.01)
(1 0.01 0.02)
(1 0.01 0.03)
(1 0.01 0.04)
(1 0.01 0.05)
(1 0.01 0.06)
(1 0.01 0.07)
(1 0.01 0.08)
(1 0.01 0.09)
(1.01 0.01 0.01)
(1.01 0.01 0.02)
(1.01 0.01 0.03)
(1.01 0.01 0.04)
(1.01 0.01 0.05)
(1.01 0.01 0.06)
(1.01 0.01 0.07)
(1.01 0.01 0.08)
(1.01 0.01 0.09)
(1.02 0.01 0.01)
(1.02 0.01 0.02)
(1.02 0.01 0.03)
(1.02 0.01 0.04)
(1.02 0.01 0.05)
(1.02 0.01 0.06)
(1.02 0.01 0.07)
(1.02 0.01 0.08)
(1.02 0.01 0.09)
(1.03 0.01 0.01)
(1.03 0.01 0.02)
(1.03 0.01 0.03)
(1.03 0.01 0.04)
(1.03 0.01 0.05)
(1.03 0.01 0.06)
(1.03 0.01 0.07)
(1.03 0.01 0.08)
(1.03 0.01 0.09)
(1.04 0.01 0.01)
(1.04 0.01 0.02)
(1.04 0.01 0.03)
(1.04 0.01 0.04)
(1.04 0.01 0.05)
(1.04 0.01 0.06)
(1.04 0.01 0.07)
(1.04 0.01 0.08)
(1.04 0.01 0.09)
(1.05 0.01 0.01)
(1.05 0.01 0.02)
(1.05 0.01 0.03)
(1.05 0.01 0.04)
(1.05 0.01 0.05)
(1.05 0.01 0.06)
(1.05 0.01 0.07)
(1.05 0.01 0.08)
(1.05 0.01 0.09)
(1.06 0.01 0.01)
(1.06 0.01 0.02)
(1.06 0.01 0.03)
(1.06 0.01 0.04)
(1.06 0.01 0.05)
(1.06 0.01 0.06)
(1.06 0.01 0.07)
(1.06 0.01 0.08)
(1.06 0.01 0.09)
(1.07 0.01 0.01)
(1.07 0.01 0.02)
(1.07 0.01 0.03)
(1.07 0.01 0.04)
(1.07 0.01 0.05)
(1.07 0.01 0.06)
(1.07 0.01 0.07)
(1.07 0.01 0.08)
(1.07 0.01 0.09)
(1.08 0.01 0.01)
(1.08 0.01 0.02)
(1.08 0.01 0.03)
(1.08 0.01 0.04)
(1.08 0.01 0.05)
(1.08 0.01 0.06)
(1.08 0.01 0.07)
(1.08 0.01 0.08)
(1.08 0.01 0.09)
(1.09 0.01 0.01)
(1.09 0.01 0.02)
(1.09 0.01 0.03)
(1.09 0.01 0.04)
(1.09 0.01 0.05)
(1.09 0.01 0.06)
(1.09 0.01 0.07)
(1.09 0.01 0.08)
(1.09 0.01 0.09)
(1.1 0.01 0.01)
(1.1 0.01 0.02)
(1.1 0.01 0.03)
(1.1 0.01 0.04)
(1.1 0.01 0.05)
(1.1 0.01 0.06)
(1.1 0.01 0.07)
(1.1 0.01 0.08)
(1.1 0.01 0.09)
(1.11 0.01 0.01)
(1.11 0.01 0.02)
(1.11 0.01 0.03)
(1.11 0.01 0.04)
(1.11 0.01 0.05)
(1.11 0.01 0.06)
(1.11 0.01 0.07)
(1.11 0.01 0.08)
(1.11 0.01 0.09)
(1.12 0.01 0.01)
(1.12 0.01 0.02)
(1.12 0.01 0.03)
(1.12 0.01 0.04)
(1.12 0.01 0.05)
(1.12 0.01 0.06)
(1.12 0.01 0.07)
(1.12 0.01 0.08)
(1.12 0.01 0.09)
(1.13 0.01 0.01)
(1.13 0.01 0.02)
(1.13 0.01 0.03)
(1.13 0.01 0.04)
(1.13 0.01 0.05)
(1.13 0.01 0.06)
(1.13 0.01 0.07)
(1.13 0.01 0.08)
(1.13 0.01 0.09)
(1.14 0.01 0.01)
(1.14 0.01 0.02)
(1.14 0.01 0.03)
(1.14 0.01 0.04)
(1.14 0.01 0.05)
(1.14 0.01 0.06)
(1.14 0.01 0.07)
(1.14 0.01 0.08)
(1.14 0.01 0.09)
(1.15 0.01 0.01)
(1.15 0.01 0.02)
(1.15 0.01 0.03)
(1.15 0.01 0.04)
(1.15 0.01 0.05)
(1.15 0.01 0.06)
(1.15 0.01 0.07)
(1.15 0.01 0.08)
(1.15 0.01 0.09)
(1.16 0.01 0.01)
(1.16 0.01 0.02)
(1.16 0.01 0.03)
(1.16 0.01 0.04)
(1.16 0.01 0.05)
(1.16 0.01 0.06)
(1.16 0.01 0.07)
(1.16 0.01 0.08)
(1.16 0.01 0.09)
(1.17 0.01 0.01)
(1.17 0.01 0.02)
(1.17 0.01 0.03)
(1.17 0.01 0.04)
(1.17 0.01 0.05)
(1.17 0.01 0.06)
(1.17 0.01 0.07)
(1.17 0.01 0.08)
(1.17 0.01 0.09)
(1.18 0.01 0.01)
(1.18 0.01 0.02)
(1.18 0.01 0.03)
(1.18 0.01 0.04)
(1.18 0.01 0.05)
(1.18 0.01 0.06)
(1.18 0.01 0.07)
(1.18 0.01 0.08)
(1.18 0.01 0.09)
(1.19 0.01 0.01)
(1.19 0.01 0.02)
(1.19 0.01 0.03)
(1.19 0.01 0.04)
(1.19 0.01 0.05)
(1.19 0.01 0.06)
(1.19 0.01 0.07)
(1.19 0.01 0.08)
(1.19 0.01 0.09)
(1.2 0.01 0.01)
(1.2 0.01 0.02)
(1.2 0.01 0.03)
(1.2 0.01 0.04)
(1.2 0.01 0.05)
(1.2 0.01 0.06)
(1.2 0.01 0.07)
(1.2 0.01 0.08)
(1.2 0.01 0.09)
(1.21 0.01 0.01)
(1.21 0.01 0.02)
(1.21 0.01 0.03)
(1.21 0.01 0.04)
(1.21 0.01 0.05)
(1.21 0.01 0.06)
(1.21 0.01 0.07)
(1.21 0.01 0.08)
(1.21 0.01 0.09)
(1.22 0.01 0.01)
(1.22 0.01 0.02)
(1.22 0.01 0.03)
(1.22 0.01 0.04)
(1.22 0.01 0.05)
(1.22 0.01 0.06)
(1.22 0.01 0.07)
(1.22 0.01 0.08)
(1.22 0.01 0.09)
(1.23 0.01 0.01)
(1.23 0.01 0.02)
(1.23 0.01 0.03)
(1.23 0.01 0.04)
(1.23 0.01 0.05)
(1.23 0.01 0.06)
(1.23 0.01 0.07)
(1.23 0.01 0.08)
(1.23 0.01 0.09)
(1.24 0.01 0.01)
(1.24 0.01 0.02)
(1.24 0.01 0.03)
(1.24 0.01 0.04)
(1.24 0.01 0.05)
(1.24 0.01 0.06)
(1.24 0.01 0.07)
(1.24 0.01 0.08)
(1.24 0.01 0.09)
(1.25 0.01 0.01)
(1.25 0.01 0.02)
(1.25 0.01 0.03)
(1.25 0.01 0.04)
(1.25 0.01 0.05)
(1.25 0.01 0.06)
(1.25 0.01 0.07)
(1.25 0.01 0.08)
(1.25 0.01 0.09)
(1.26 0.01 0.01)
(1.26 0.01 0.02)
(1.26 0.01 0.03)
(1.26 0.01 0.04)
(1.26 0.01 0.05)
(1.26 0.01 0.06)
(1.26 0.01 0.07)
(1.26 0.01 0.08)
(1.26 0.01 0.09)
(1.27 0.01 0.01)
(1.27 0.01 0.02)
(1.27 0.01 0.03)
(1.27 0.01 0.04)
(1.27 0.01 0.05)
(1.27 0.01 0.06)
(1.27 0.01 0.07)
(1.27 0.01 0.08)
(1.27 0.01 0.09)
(1.28 0.01 0.01)
(1.28 0.01 0.02)
(1.28 0.01 0.03)
(1.28 0.01 0.04)
(1.28 0.01 0.05)
(1.28 0.01 0.06)
(1.28 0.01 0.07)
(1.28 0.01 0.08)
(1.28 0.01 0.09)
(1.29 0.01 0.01)
(1.29 0.01 0.02)
(1.29 0.01 0.03)
(1.29 0.01 0.04)
(1.29 0.01 0.05)
(1.29 0.01 0.06)
(1.29 0.01 0.07)
(1.29 0.01 0.08)
(1.29 0.01 0.09)
(1.3 0.01 0.01)
(1.3 0.01 0.02)
(1.3 0.01 0.03)
(1.3 0.01 0.04)
(1.3 0.01 0.05)
(1.3 0.01 0.06)
(1.3 0.01 0.07)
(1.3 0.01 0.08)
(1.3 0.01 0.09)
(1.31 0.01 0.01)
(1.31 0.01 0.02)
(1.31 0.01 0.03)
(1.31 0.01 0.04)
(1.31 0.01 0.05)
(1.31 0.01 0.06)
(1.31 0.01 0.07)
(1.31 0.01 0.08)
(1.31 0.01 0.09)
(1.32 0.01 0.01)
(1.32 0.01 0.02)
(1.32 0.01 0.03)
(1.32 0.01 0.04)
(1.32 0.01 0.05)
(1.32 0.01 0.06)
(1.32 0.01 0.07)
(1.32 0.01 0.08)
(1.32 0.01 0.09)
(1.33 0.01 0.01)
(1.33 0.01 0.02)
(1.33 0.01 0.03)
(1.33 0.01 0.04)
(1.33 0.01 0.05)
(1.33 0.01 0.06)
(1.33 0.01 0.07)
(1.33 0.01 0.08)
(1.33 0.01 0.09)
(1.34 0.01 0.01)
(1.34 0.01 0.02)
(1.34 0.01 0.03)
(1.34 0.01 0.04)
(1.34 0.01 0.05)
(1.34 0.01 0.06)
(1.34 0.01 0.07)
(1.34 0.01 0.08)
(1.34 0.01 0.09)
(1.35 0.01 0.01)
(1.35 0.01 0.02)
(1.35 0.01 0.03)
(1.35 0.01 0.04)
(1.35 0.01 0.05)
(1.35 0.01 0.06)
(1.35 0.01 0.07)
(1.35 0.01 0.08)
(1.35 0.01 0.09)
(1.36 0.01 0.01)
(1.36 0.01 0.02)
(1.36 0.01 0.03)
(1.36 0.01 0.04)
(1.36 0.01 0.05)
(1.36 0.01 0.06)
(1.36 0.01 0.07)
(1.36 0.01 0.08)
(1.36 0.01 0.09)
(1.37 0.01 0.01)
(1.37 0.01 0.02)
(1.37 0.01 0.03)
(1.37 0.01 0.04)
(1.37 0.01 0.05)
(1.37 0.01 0.06)
(1.37 0.01 0.07)
(1.37 0.01 0.08)
(1.37 0.01 0.09)
(1.38 0.01 0.01)
(1.38 0.01 0.02)
(1.38 0.01 0.03)
(1.38 0.01 0.04)
(1.38 0.01 0.05)
(1.38 0.01 0.06)
(1.38 0.01 0.07)
(1.38 0.01 0.08)
(1.38 0.01 0.09)
(1.39 0.01 0.01)
(1.39 0.01 0.02)
(1.39 0.01 0.03)
(1.39 0.01 0.04)
(1.39 0.01 0.05)
(1.39 0.01 0.06)
(1.39 0.01 0.07)
(1.39 0.01 0.08)
(1.39 0.01 0.09)
(1.4 0.01 0.01)
(1.4 0.01 0.02)
(1.4 0.01 0.03)
(1.4 0.01 0.04)
(1.4 0.01 0.05)
(1.4 0.01 0.06)
(1.4 0.01 0.07)
(1.4 0.01 0.08)
(1.4 0.01 0.09)
(1.41 0.01 0.01)
(1.41 0.01 0.02)
(1.41 0.01 0.03)
(1.41 0.01 0.04)
(1.41 0.01 0.05)
(1.41 0.01 0.06)
(1.41 0.01 0.07)
(1.41 0.01 0.08)
(1.41 0.01 0.09)
(1.42 0.01 0.01)
(1.42 0.01 0.02)
(1.42 0.01 0.03)
(1.42 0.01 0.04)
(1.42 0.01 0.05)
(1.42 0.01 0.06)
(1.42 0.01 0.07)
(1.42 0.01 0.08)
(1.42 0.01 0.09)
(1.43 0.01 0.01)
(1.43 0.01 0.02)
(1.43 0.01 0.03)
(1.43 0.01 0.04)
(1.43 0.01 0.05)
(1.43 0.01 0.06)
(1.43 0.01 0.07)
(1.43 0.01 0.08)
(1.43 0.01 0.09)
(1.44 0.01 0.01)
(1.44 0.01 0.02)
(1.44 0.01 0.03)
(1.44 0.01 0.04)
(1.44 0.01 0.05)
(1.44 0.01 0.06)
(1.44 0.01 0.07)
(1.44 0.01 0.08)
(1.44 0.01 0.09)
(1.45 0.01 0.01)
(1.45 0.01 0.02)
(1.45 0.01 0.03)
(1.45 0.01 0.04)
(1.45 0.01 0.05)
(1.45 0.01 0.06)
(1.45 0.01 0.07)
(1.45 0.01 0.08)
(1.45 0.01 0.09)
(1.46 0.01 0.01)
(1.46 0.01 0.02)
(1.46 0.01 0.03)
(1.46 0.01 0.04)
(1.46 0.01 0.05)
(1.46 0.01 0.06)
(1.46 0.01 0.07)
(1.46 0.01 0.08)
(1.46 0.01 0.09)
(1.47 0.01 0.01)
(1.47 0.01 0.02)
(1.47 0.01 0.03)
(1.47 0.01 0.04)
(1.47 0.01 0.05)
(1.47 0.01 0.06)
(1.47 0.01 0.07)
(1.47 0.01 0.08)
(1.47 0.01 0.09)
(1.48 0.01 0.01)
(1.48 0.01 0.02)
(1.48 0.01 0.03)
(1.48 0.01 0.04)
(1.48 0.01 0.05)
(1.48 0.01 0.06)
(1.48 0.01 0.07)
(1.48 0.01 0.08)
(1.48 0.01 0.09)
(1.49 0.01 0.01)
(1.49 0.01 0.02)
(1.49 0.01 0.03)
(1.49 0.01 0.04)
(1.49 0.01 0.05)
(1.49 0.01 0.06)
(1.49 0.01 0.07)
(1.49 0.01 0.08)
(1.49 0.01 0.09)
(1.5 0.01 0.01)
(1.5 0.01 0.02)
(1.5 0.01 0.03)
(1.5 0.01 0.04)
(1.5 0.01 0.05)
(1.5 0.01 0.06)
(1.5 0.01 0.07)
(1.5 0.01 0.08)
(1.5 0.01 0.09)
(1.51 0.01 0.01)
(1.51 0.01 0.02)
(1.51 0.01 0.03)
(1.51 0.01 0.04)
(1.51 0.01 0.05)
(1.51 0.01 0.06)
(1.51 0.01 0.07)
(1.51 0.01 0.08)
(1.51 0.01 0.09)
(1.52 0.01 0.01)
(1.52 0.01 0.02)
(1.52 0.01 0.03)
(1.52 0.01 0.04)
(1.52 0.01 0.05)
(1.52 0.01 0.06)
(1.52 0.01 0.07)
(1.52 0.01 0.08)
(1.52 0.01 0.09)
(1.53 0.01 0.01)
(1.53 0.01 0.02)
(1.53 0.01 0.03)
(1.53 0.01 0.04)
(1.53 0.01 0.05)
(1.53 0.01 0.06)
(1.53 0.01 0.07)
(1.53 0.01 0.08)
(1.53 0.01 0.09)
(1.54 0.01 0.01)
(1.54 0.01 0.02)
(1.54 0.01 0.03)
(1.54 0.01 0.04)
(1.54 0.01 0.05)
(1.54 0.01 0.06)
(1.54 0.01 0.07)
(1.54 0.01 0.08)
(1.54 0.01 0.09)
(1.55 0.01 0.01)
(1.55 0.01 0.02)
(1.55 0.01 0.03)
(1.55 0.01 0.04)
(1.55 0.01 0.05)
(1.55 0.01 0.06)
(1.55 0.01 0.07)
(1.55 0.01 0.08)
(1.55 0.01 0.09)
(1.56 0.01 0.01)
(1.56 0.01 0.02)
(1.56 0.01 0.03)
(1.56 0.01 0.04)
(1.56 0.01 0.05)
(1.56 0.01 0.06)
(1.56 0.01 0.07)
(1.56 0.01 0.08)
(1.56 0.01 0.09)
(1.57 0.01 0.01)
(1.57 0.01 0.02)
(1.57 0.01 0.03)
(1.57 0.01 0.04)
(1.57 0.01 0.05)
(1.57 0.01 0.06)
(1.57 0.01 0.07)
(1.57 0.01 0.08)
(1.57 0.01 0.09)
(1.58 0.01 0.01)
(1.58 0.01 0.02)
(1.58 0.01 0.03)
(1.58 0.01 0.04)
(1.58 0.01 0.05)
(1.58 0.01 0.06)
(1.58 0.01 0.07)
(1.58 0.01 0.08)
(1.58 0.01 0.09)
(1.59 0.01 0.01)
(1.59 0.01 0.02)
(1.59 0.01 0.03)
(1.59 0.01 0.04)
(1.59 0.01 0.05)
(1.59 0.01 0.06)
(1.59 0.01 0.07)
(1.59 0.01 0.08)
(1.59 0.01 0.09)
(1.6 0.01 0.01)
(1.6 0.01 0.02)
(1.6 0.01 0.03)
(1.6 0.01 0.04)
(1.6 0.01 0.05)
(1.6 0.01 0.06)
(1.6 0.01 0.07)
(1.6 0.01 0.08)
(1.6 0.01 0.09)
(1.61 0.01 0.01)
(1.61 0.01 0.02)
(1.61 0.01 0.03)
(1.61 0.01 0.04)
(1.61 0.01 0.05)
(1.61 0.01 0.06)
(1.61 0.01 0.07)
(1.61 0.01 0.08)
(1.61 0.01 0.09)
(1.62 0.01 0.01)
(1.62 0.01 0.02)
(1.62 0.01 0.03)
(1.62 0.01 0.04)
(1.62 0.01 0.05)
(1.62 0.01 0.06)
(1.62 0.01 0.07)
(1.62 0.01 0.08)
(1.62 0.01 0.09)
(1.63 0.01 0.01)
(1.63 0.01 0.02)
(1.63 0.01 0.03)
(1.63 0.01 0.04)
(1.63 0.01 0.05)
(1.63 0.01 0.06)
(1.63 0.01 0.07)
(1.63 0.01 0.08)
(1.63 0.01 0.09)
(1.64 0.01 0.01)
(1.64 0.01 0.02)
(1.64 0.01 0.03)
(1.64 0.01 0.04)
(1.64 0.01 0.05)
(1.64 0.01 0.06)
(1.64 0.01 0.07)
(1.64 0.01 0.08)
(1.64 0.01 0.09)
(1.65 0.01 0.01)
(1.65 0.01 0.02)
(1.65 0.01 0.03)
(1.65 0.01 0.04)
(1.65 0.01 0.05)
(1.65 0.01 0.06)
(1.65 0.01 0.07)
(1.65 0.01 0.08)
(1.65 0.01 0.09)
(1.66 0.01 0.01)
(1.66 0.01 0.02)
(1.66 0.01 0.03)
(1.66 0.01 0.04)
(1.66 0.01 0.05)
(1.66 0.01 0.06)
(1.66 0.01 0.07)
(1.66 0.01 0.08)
(1.66 0.01 0.09)
(1.67 0.01 0.01)
(1.67 0.01 0.02)
(1.67 0.01 0.03)
(1.67 0.01 0.04)
(1.67 0.01 0.05)
(1.67 0.01 0.06)
(1.67 0.01 0.07)
(1.67 0.01 0.08)
(1.67 0.01 0.09)
(1.68 0.01 0.01)
(1.68 0.01 0.02)
(1.68 0.01 0.03)
(1.68 0.01 0.04)
(1.68 0.01 0.05)
(1.68 0.01 0.06)
(1.68 0.01 0.07)
(1.68 0.01 0.08)
(1.68 0.01 0.09)
(1.69 0.01 0.01)
(1.69 0.01 0.02)
(1.69 0.01 0.03)
(1.69 0.01 0.04)
(1.69 0.01 0.05)
(1.69 0.01 0.06)
(1.69 0.01 0.07)
(1.69 0.01 0.08)
(1.69 0.01 0.09)
(1.7 0.01 0.01)
(1.7 0.01 0.02)
(1.7 0.01 0.03)
(1.7 0.01 0.04)
(1.7 0.01 0.05)
(1.7 0.01 0.06)
(1.7 0.01 0.07)
(1.7 0.01 0.08)
(1.7 0.01 0.09)
(1.71 0.01 0.01)
(1.71 0.01 0.02)
(1.71 0.01 0.03)
(1.71 0.01 0.04)
(1.71 0.01 0.05)
(1.71 0.01 0.06)
(1.71 0.01 0.07)
(1.71 0.01 0.08)
(1.71 0.01 0.09)
(1.72 0.01 0.01)
(1.72 0.01 0.02)
(1.72 0.01 0.03)
(1.72 0.01 0.04)
(1.72 0.01 0.05)
(1.72 0.01 0.06)
(1.72 0.01 0.07)
(1.72 0.01 0.08)
(1.72 0.01 0.09)
(1.73 0.01 0.01)
(1.73 0.01 0.02)
(1.73 0.01 0.03)
(1.73 0.01 0.04)
(1.73 0.01 0.05)
(1.73 0.01 0.06)
(1.73 0.01 0.07)
(1.73 0.01 0.08)
(1.73 0.01 0.09)
(1.74 0.01 0.01)
(1.74 0.01 0.02)
(1.74 0.01 0.03)
(1.74 0.01 0.04)
(1.74 0.01 0.05)
(1.74 0.01 0.06)
(1.74 0.01 0.07)
(1.74 0.01 0.08)
(1.74 0.01 0.09)
(1.75 0.01 0.01)
(1.75 0.01 0.02)
(1.75 0.01 0.03)
(1.75 0.01 0.04)
(1.75 0.01 0.05)
(1.75 0.01 0.06)
(1.75 0.01 0.07)
(1.75 0.01 0.08)
(1.75 0.01 0.09)
(1.76 0.01 0.01)
(1.76 0.01 0.02)
(1.76 0.01 0.03)
(1.76 0.01 0.04)
(1.76 0.01 0.05)
(1.76 0.01 0.06)
(1.76 0.01 0.07)
(1.76 0.01 0.08)
(1.76 0.01 0.09)
(1.77 0.01 0.01)
(1.77 0.01 0.02)
(1.77 0.01 0.03)
(1.77 0.01 0.04)
(1.77 0.01 0.05)
(1.77 0.01 0.06)
(1.77 0.01 0.07)
(1.77 0.01 0.08)
(1.77 0.01 0.09)
(1.78 0.01 0.01)
(1.78 0.01 0.02)
(1.78 0.01 0.03)
(1.78 0.01 0.04)
(1.78 0.01 0.05)
(1.78 0.01 0.06)
(1.78 0.01 0.07)
(1.78 0.01 0.08)
(1.78 0.01 0.09)
(1.79 0.01 0.01)
(1.79 0.01 0.02)
(1.79 0.01 0.03)
(1.79 0.01 0.04)
(1.79 0.01 0.05)
(1.79 0.01 0.06)
(1.79 0.01 0.07)
(1.79 0.01 0.08)
(1.79 0.01 0.09)
(1.8 0.01 0.01)
(1.8 0.01 0.02)
(1.8 0.01 0.03)
(1.8 0.01 0.04)
(1.8 0.01 0.05)
(1.8 0.01 0.06)
(1.8 0.01 0.07)
(1.8 0.01 0.08)
(1.8 0.01 0.09)
(1.81 0.01 0.01)
(1.81 0.01 0.02)
(1.81 0.01 0.03)
(1.81 0.01 0.04)
(1.81 0.01 0.05)
(1.81 0.01 0.06)
(1.81 0.01 0.07)
(1.81 0.01 0.08)
(1.81 0.01 0.09)
(1.82 0.01 0.01)
(1.82 0.01 0.02)
(1.82 0.01 0.03)
(1.82 0.01 0.04)
(1.82 0.01 0.05)
(1.82 0.01 0.06)
(1.82 0.01 0.07)
(1.82 0.01 0.08)
(1.82 0.01 0.09)
(1.83 0.01 0.01)
(1.83 0.01 0.02)
(1.83 0.01 0.03)
(1.83 0.01 0.04)
(1.83 0.01 0.05)
(1.83 0.01 0.06)
(1.83 0.01 0.07)
(1.83 0.01 0.08)
(1.83 0.01 0.09)
(1.84 0.01 0.01)
(1.84 0.01 0.02)
(1.84 0.01 0.03)
(1.84 0.01 0.04)
(1.84 0.01 0.05)
(1.84 0.01 0.06)
(1.84 0.01 0.07)
(1.84 0.01 0.08)
(1.84 0.01 0.09)
(1.85 0.01 0.01)
(1.85 0.01 0.02)
(1.85 0.01 0.03)
(1.85 0.01 0.04)
(1.85 0.01 0.05)
(1.85 0.01 0.06)
(1.85 0.01 0.07)
(1.85 0.01 0.08)
(1.85 0.01 0.09)
(1.86 0.01 0.01)
(1.86 0.01 0.02)
(1.86 0.01 0.03)
(1.86 0.01 0.04)
(1.86 0.01 0.05)
(1.86 0.01 0.06)
(1.86 0.01 0.07)
(1.86 0.01 0.08)
(1.86 0.01 0.09)
(1.87 0.01 0.01)
(1.87 0.01 0.02)
(1.87 0.01 0.03)
(1.87 0.01 0.04)
(1.87 0.01 0.05)
(1.87 0.01 0.06)
(1.87 0.01 0.07)
(1.87 0.01 0.08)
(1.87 0.01 0.09)
(1.88 0.01 0.01)
(1.88 0.01 0.02)
(1.88 0.01 0.03)
(1.88 0.01 0.04)
(1.88 0.01 0.05)
(1.88 0.01 0.06)
(1.88 0.01 0.07)
(1.88 0.01 0.08)
(1.88 0.01 0.09)
(1.89 0.01 0.01)
(1.89 0.01 0.02)
(1.89 0.01 0.03)
(1.89 0.01 0.04)
(1.89 0.01 0.05)
(1.89 0.01 0.06)
(1.89 0.01 0.07)
(1.89 0.01 0.08)
(1.89 0.01 0.09)
(1.9 0.01 0.01)
(1.9 0.01 0.02)
(1.9 0.01 0.03)
(1.9 0.01 0.04)
(1.9 0.01 0.05)
(1.9 0.01 0.06)
(1.9 0.01 0.07)
(1.9 0.01 0.08)
(1.9 0.01 0.09)
(1.91 0.01 0.01)
(1.91 0.01 0.02)
(1.91 0.01 0.03)
(1.91 0.01 0.04)
(1.91 0.01 0.05)
(1.91 0.01 0.06)
(1.91 0.01 0.07)
(1.91 0.01 0.08)
(1.91 0.01 0.09)
(1.92 0.01 0.01)
(1.92 0.01 0.02)
(1.92 0.01 0.03)
(1.92 0.01 0.04)
(1.92 0.01 0.05)
(1.92 0.01 0.06)
(1.92 0.01 0.07)
(1.92 0.01 0.08)
(1.92 0.01 0.09)
(1.93 0.01 0.01)
(1.93 0.01 0.02)
(1.93 0.01 0.03)
(1.93 0.01 0.04)
(1.93 0.01 0.05)
(1.93 0.01 0.06)
(1.93 0.01 0.07)
(1.93 0.01 0.08)
(1.93 0.01 0.09)
(1.94 0.01 0.01)
(1.94 0.01 0.02)
(1.94 0.01 0.03)
(1.94 0.01 0.04)
(1.94 0.01 0.05)
(1.94 0.01 0.06)
(1.94 0.01 0.07)
(1.94 0.01 0.08)
(1.94 0.01 0.09)
(1.95 0.01 0.01)
(1.95 0.01 0.02)
(1.95 0.01 0.03)
(1.95 0.01 0.04)
(1.95 0.01 0.05)
(1.95 0.01 0.06)
(1.95 0.01 0.07)
(1.95 0.01 0.08)
(1.95 0.01 0.09)
(1.96 0.01 0.01)
(1.96 0.01 0.02)
(1.96 0.01 0.03)
(1.96 0.01 0.04)
(1.96 0.01 0.05)
(1.96 0.01 0.06)
(1.96 0.01 0.07)
(1.96 0.01 0.08)
(1.96 0.01 0.09)
(1.97 0.01 0.01)
(1.97 0.01 0.02)
(1.97 0.01 0.03)
(1.97 0.01 0.04)
(1.97 0.01 0.05)
(1.97 0.01 0.06)
(1.97 0.01 0.07)
(1.97 0.01 0.08)
(1.97 0.01 0.09)
(1.98 0.01 0.01)
(1.98 0.01 0.02)
(1.98 0.01 0.03)
(1.98 0.01 0.04)
(1.98 0.01 0.05)
(1.98 0.01 0.06)
(1.98 0.01 0.07)
(1.98 0.01 0.08)
(1.98 0.01 0.09)
(1.99 0.01 0.01)
(1.99 0.01 0.02)
(1.99 0.01 0.03)
(1.99 0.01 0.04)
(1.99 0.01 0.05)
(1.99 0.01 0.06)
(1.99 0.01 0.07)
(1.99 0.01 0.08)
(1.99 0.01 0.09)
)


// ************************************************************************* //
